633.0 0.38453 0.00507115 0.0 0.449965
700.0 0.384068 0.00506485 0.0 0.44972
800.0 0.383367 0.005053 1.59735e-07 0.449361
900.0 0.382682 0.00503965 1.17663e-06 0.449032
1000.0 0.382006 0.00502344 1.48783e-06 0.448611
1100.0 0.381323 0.00501049 1.74126e-06 0.448208
1200.0 0.380647 0.00500598 2.06192e-06 0.447735
1300.0 0.37996 0.00499445 2.32347e-06 0.447321
1400.0 0.379296 0.00498408 2.7217e-06 0.446862
1500.0 0.378599 0.00497439 3.03879e-06 0.44635
1600.0 0.377934 0.004963 3.3909e-06 0.445805
1700.0 0.377267 0.00495206 3.75707e-06 0.445307
1800.0 0.37659 0.00494141 4.12029e-06 0.444778
1900.0 0.375903 0.00493067 4.69973e-06 0.444215
