633.0 0.302061 0.00246009 0.0 0.272725
700.0 0.29791 0.00242368 0.0 0.269199
800.0 0.291813 0.00237093 1.51556e-07 0.26403
900.0 0.285838 0.00230434 1.11753e-06 0.258929
1000.0 0.279994 0.00225081 1.26215e-06 0.253949
1100.0 0.274252 0.00220189 1.57756e-06 0.249047
1200.0 0.268627 0.00215244 1.86345e-06 0.244232
1300.0 0.263109 0.00210757 1.9847e-06 0.239522
1400.0 0.257712 0.0020626 2.29212e-06 0.234893
1500.0 0.252419 0.00201409 2.65591e-06 0.230342
1600.0 0.247246 0.00197217 2.75436e-06 0.225894
