633.0 0.000230443 0.00116762 0.00112811 0.00316788 0.000927866 0.000318738
700.0 0.000219299 0.00116101 0.00114321 0.00316144 0.000928664 0.000331941
800.0 0.000227859 0.00113609 0.00112706 0.00320294 0.000930197 0.000328464
900.0 0.00021939 0.00117008 0.00110894 0.00317403 0.000934442 0.000333122
1000.0 0.000215953 0.00118112 0.00109764 0.0031997 0.000939566 0.000324654
1100.0 0.000224015 0.00114376 0.001128 0.00321995 0.000915725 0.000332901
1200.0 0.000214899 0.00115633 0.001136 0.00318764 0.000921793 0.000330376
1300.0 0.000223342 0.00114934 0.00113275 0.00314828 0.000934981 0.000333633
1400.0 0.000224522 0.00116006 0.00111702 0.00318864 0.000928765 0.000327133
1500.0 0.00022419 0.00118025 0.00112546 0.00321413 0.000904111 0.00033409
1600.0 0.000228994 0.00117476 0.00112139 0.00317512 0.000924438 0.000339872
