633.0 0.0124906 0.0318217 0.109388 0.317037 1.35386 8.64062
700.0 0.0124906 0.0318223 0.109391 0.317037 1.35384 8.64039
800.0 0.0124906 0.0318214 0.109391 0.31703 1.35383 8.63912
900.0 0.0124906 0.0318216 0.109383 0.317032 1.35383 8.64104
1000.0 0.0124906 0.031821 0.109387 0.317032 1.35385 8.63985
1100.0 0.0124906 0.0318214 0.109385 0.317041 1.35385 8.6399
1200.0 0.0124906 0.0318217 0.109389 0.31704 1.35385 8.64183
1300.0 0.0124906 0.0318217 0.109382 0.31704 1.35384 8.64195
1400.0 0.0124906 0.0318212 0.109386 0.317057 1.35384 8.63937
1500.0 0.0124906 0.0318226 0.109382 0.317037 1.35384 8.64207
1600.0 0.0124906 0.0318208 0.109388 0.317028 1.35384 8.63983
