var_type   temp  Group1       Group2
FLUX       824   6.34812E+01  2.42304E+01
FLUX       874   6.34623E+01  2.45323E+01
FLUX       924   6.37073E+01  2.48495E+01
FLUX       974   6.37018E+01  2.51687E+01
FLUX       1024  6.37828E+01  2.53931E+01
FLUX       1074  6.42019E+01  2.56514E+01
REMXS      824   3.60472E-03  2.01193E-02
REMXS      874   3.56239E-03  1.98723E-02
REMXS      924   3.54953E-03  1.96231E-02
REMXS      974   3.50528E-03  1.94052E-02
REMXS      1024  3.46171E-03  1.91705E-02
REMXS      1074  3.43614E-03  1.89519E-02
FISSXS     824   8.61569E-04  1.54019E-02
FISSXS     874   8.49336E-04  1.51304E-02
FISSXS     924   8.39750E-04  1.48685E-02
FISSXS     974   8.28017E-04  1.46142E-02
FISSXS     1024  8.18277E-04  1.43652E-02
FISSXS     1074  8.06596E-04  1.41229E-02
NUBAR      824   2.43633E+00  2.43620E+00
NUBAR      874   2.43636E+00  2.43620E+00
NUBAR      924   2.43636E+00  2.43620E+00
NUBAR      974   2.43636E+00  2.43620E+00
NUBAR      1024  2.43637E+00  2.43620E+00
NUBAR      1074  2.43639E+00  2.43620E+00
NSF        824   2.09906E-03  3.75221E-02
NSF        874   2.06928E-03  3.68606E-02
NSF        924   2.04593E-03  3.62226E-02
NSF        974   2.01735E-03  3.56032E-02
NSF        1024  1.99362E-03  3.49964E-02
NSF        1074  1.96518E-03  3.44063E-02
FISSE      824   2.02271E+02  2.02270E+02
FISSE      874   2.02271E+02  2.02270E+02
FISSE      924   2.02271E+02  2.02270E+02
FISSE      974   2.02271E+02  2.02270E+02
FISSE      1024  2.02271E+02  2.02270E+02
FISSE      1074  2.02271E+02  2.02270E+02
DIFFCOEF   824   5.08081E-01  1.76429E+00
DIFFCOEF   874   5.06338E-01  1.72394E+00
DIFFCOEF   924   5.08393E-01  1.72019E+00
DIFFCOEF   974   5.03214E-01  1.68353E+00
DIFFCOEF   1024  5.00120E-01  1.66362E+00
DIFFCOEF   1074  5.01284E-01  1.63610E+00
CHI        824   1.00000E+00  0.00000E+00
CHI        874   1.00000E+00  0.00000E+00
CHI        924   1.00000E+00  0.00000E+00
CHI        974   1.00000E+00  0.00000E+00
CHI        1024  1.00000E+00  0.00000E+00
CHI        1074  1.00000E+00  0.00000E+00
GTRANSFXS  824   2.69714E-01  1.12812E-03  2.00284E-03  2.55387E-01
GTRANSFXS  874   2.66473E-01  1.21216E-03  1.98108E-03  2.52552E-01
GTRANSFXS  924   2.63243E-01  1.28319E-03  1.98639E-03  2.49733E-01
GTRANSFXS  974   2.60047E-01  1.37568E-03  1.96390E-03  2.46869E-01
GTRANSFXS  1024  2.56842E-01  1.44549E-03  1.93787E-03  2.44021E-01
GTRANSFXS  1074  2.53580E-01  1.52333E-03  1.93358E-03  2.41158E-01
