800 7.72024E-01 2.74160E-02 
850 7.71569E-01 2.74454E-02 
900 7.75973E-01 2.82322E-02 
950 7.82109E-01 2.84458E-02 
1000 7.80365E-01 2.86447E-02 
1050 7.86029E-01 2.91714E-02 
1100 7.90615E-01 3.08864E-02 
1150 7.94721E-01 3.23610E-02 
1200 8.01965E-01 3.24225E-02 
1250 8.00290E-01 3.15569E-02 
1300 8.02017E-01 3.42885E-02 
1350 8.07638E-01 3.54603E-02 
1400 8.09388E-01 3.53797E-02 
1450 8.16282E-01 3.51655E-02 
1500 8.19238E-01 3.74548E-02 
1550 8.22000E-01 3.79206E-02 
1600 8.28151E-01 3.85151E-02 
1650 8.30634E-01 4.02471E-02 
1700 8.34792E-01 4.13625E-02 
1750 8.37542E-01 4.26751E-02 
1800 8.43737E-01 4.32687E-02 
1850 8.44972E-01 4.35908E-02 
1900 8.50116E-01 4.35128E-02 
1950 8.53246E-01 4.46687E-02 
2000 8.56947E-01 4.87318E-02 
