800 800 3.04606E-01 2.15423E-03 8.32133E-04 2.78127E-01 
800 850 3.04664E-01 2.22111E-03 8.35794E-04 2.78038E-01 
800 900 3.04574E-01 2.15268E-03 8.37568E-04 2.78145E-01 
800 950 3.04621E-01 2.18439E-03 8.42868E-04 2.78074E-01 
800 1000 3.04600E-01 2.18096E-03 8.36654E-04 2.78100E-01 
800 1050 3.04635E-01 2.15341E-03 8.39502E-04 2.78128E-01 
800 1100 3.04614E-01 2.13479E-03 8.42473E-04 2.78130E-01 
800 1150 3.04666E-01 2.12523E-03 8.27625E-04 2.78174E-01 
800 1200 3.04741E-01 2.11063E-03 8.34109E-04 2.78157E-01 
800 1250 3.04555E-01 2.11250E-03 8.34423E-04 2.78172E-01 
800 1300 3.04674E-01 2.11307E-03 8.37279E-04 2.78170E-01 
800 1350 3.04602E-01 2.12001E-03 8.27524E-04 2.78166E-01 
800 1400 3.04633E-01 2.14475E-03 8.37662E-04 2.78130E-01 
800 1450 3.04677E-01 2.20240E-03 8.33437E-04 2.78064E-01 
800 1500 3.04635E-01 2.15363E-03 8.22655E-04 2.78106E-01 
800 1550 3.04595E-01 2.15489E-03 8.35401E-04 2.78110E-01 
800 1600 3.04676E-01 2.17742E-03 8.27910E-04 2.78098E-01 
800 1650 3.04592E-01 2.13010E-03 8.37357E-04 2.78123E-01 
800 1700 3.04618E-01 2.11650E-03 8.36269E-04 2.78164E-01 
800 1750 3.04593E-01 2.14251E-03 8.34886E-04 2.78159E-01 
800 1800 3.04626E-01 2.11324E-03 8.29899E-04 2.78166E-01 
800 1850 3.04631E-01 2.22247E-03 8.31517E-04 2.78047E-01 
800 1900 3.04588E-01 2.13812E-03 8.31640E-04 2.78140E-01 
800 1950 3.04579E-01 2.13476E-03 8.36119E-04 2.78152E-01 
800 2000 3.04546E-01 2.13551E-03 8.37566E-04 2.78136E-01 
800 2050 3.04577E-01 2.17520E-03 8.31468E-04 2.78105E-01 
850 800 3.04749E-01 2.37261E-03 8.33429E-04 2.78147E-01 
850 850 3.04743E-01 2.34139E-03 8.38298E-04 2.78233E-01 
850 900 3.04726E-01 2.33528E-03 8.39743E-04 2.78230E-01 
850 950 3.04732E-01 2.29251E-03 8.31020E-04 2.78238E-01 
850 1000 3.04664E-01 2.25428E-03 8.39177E-04 2.78294E-01 
850 1050 3.04668E-01 2.26067E-03 8.28870E-04 2.78275E-01 
850 1100 3.04742E-01 2.29012E-03 8.42360E-04 2.78261E-01 
850 1150 3.04680E-01 2.33582E-03 8.24345E-04 2.78209E-01 
850 1200 3.04746E-01 2.25908E-03 8.36776E-04 2.78292E-01 
850 1250 3.04689E-01 2.32035E-03 8.41375E-04 2.78221E-01 
850 1300 3.04669E-01 2.29970E-03 8.47606E-04 2.78232E-01 
850 1350 3.04743E-01 2.32354E-03 8.30166E-04 2.78218E-01 
850 1400 3.04689E-01 2.29889E-03 8.23842E-04 2.78241E-01 
850 1450 3.04772E-01 2.28551E-03 8.31789E-04 2.78273E-01 
850 1500 3.04763E-01 2.38457E-03 8.28055E-04 2.78185E-01 
850 1550 3.04676E-01 2.29083E-03 8.31574E-04 2.78245E-01 
850 1600 3.04643E-01 2.28108E-03 8.35023E-04 2.78277E-01 
850 1650 3.04601E-01 2.32226E-03 8.38080E-04 2.78235E-01 
850 1700 3.04647E-01 2.29648E-03 8.37562E-04 2.78256E-01 
850 1750 3.04652E-01 2.33454E-03 8.37501E-04 2.78232E-01 
850 1800 3.04740E-01 2.33723E-03 8.36855E-04 2.78245E-01 
850 1850 3.04733E-01 2.32143E-03 8.31520E-04 2.78232E-01 
850 1900 3.04654E-01 2.31369E-03 8.35905E-04 2.78224E-01 
850 1950 3.04731E-01 2.33244E-03 8.40638E-04 2.78231E-01 
850 2000 3.04682E-01 2.31447E-03 8.38548E-04 2.78272E-01 
850 2050 3.04656E-01 2.31876E-03 8.29505E-04 2.78227E-01 
900 800 3.04806E-01 2.52715E-03 8.37531E-04 2.78274E-01 
900 850 3.04845E-01 2.51234E-03 8.39743E-04 2.78290E-01 
900 900 3.04717E-01 2.48878E-03 8.32153E-04 2.78342E-01 
900 950 3.04854E-01 2.51711E-03 8.30447E-04 2.78288E-01 
900 1000 3.04805E-01 2.54409E-03 8.43846E-04 2.78264E-01 
900 1050 3.04825E-01 2.51932E-03 8.37086E-04 2.78282E-01 
900 1100 3.04842E-01 2.49525E-03 8.38947E-04 2.78323E-01 
900 1150 3.04757E-01 2.53330E-03 8.36141E-04 2.78273E-01 
900 1200 3.04732E-01 2.53543E-03 8.43976E-04 2.78238E-01 
900 1250 3.04774E-01 2.50437E-03 8.40145E-04 2.78302E-01 
900 1300 3.04708E-01 2.49011E-03 8.35100E-04 2.78312E-01 
900 1350 3.04716E-01 2.49549E-03 8.41638E-04 2.78342E-01 
900 1400 3.04775E-01 2.52711E-03 8.29170E-04 2.78295E-01 
900 1450 3.04814E-01 2.50775E-03 8.37021E-04 2.78313E-01 
900 1500 3.04694E-01 2.60018E-03 8.40218E-04 2.78236E-01 
900 1550 3.04807E-01 2.44670E-03 8.31127E-04 2.78376E-01 
900 1600 3.04838E-01 2.51070E-03 8.32473E-04 2.78305E-01 
900 1650 3.04747E-01 2.45491E-03 8.23578E-04 2.78354E-01 
900 1700 3.04808E-01 2.47415E-03 8.25931E-04 2.78354E-01 
900 1750 3.04790E-01 2.47533E-03 8.35607E-04 2.78344E-01 
900 1800 3.04739E-01 2.53523E-03 8.39150E-04 2.78293E-01 
900 1850 3.04839E-01 2.52081E-03 8.31488E-04 2.78276E-01 
900 1900 3.04782E-01 2.50272E-03 8.35932E-04 2.78311E-01 
900 1950 3.04741E-01 2.50216E-03 8.39389E-04 2.78308E-01 
900 2000 3.04822E-01 2.49042E-03 8.27905E-04 2.78336E-01 
900 2050 3.04731E-01 2.50360E-03 8.38198E-04 2.78327E-01 
950 800 3.04974E-01 2.62316E-03 8.32657E-04 2.78469E-01 
950 850 3.04953E-01 2.67010E-03 8.29978E-04 2.78415E-01 
950 900 3.04833E-01 2.62379E-03 8.36676E-04 2.78473E-01 
950 950 3.04857E-01 2.70999E-03 8.42244E-04 2.78382E-01 
950 1000 3.04970E-01 2.70131E-03 8.35723E-04 2.78366E-01 
950 1050 3.04861E-01 2.67391E-03 8.38398E-04 2.78407E-01 
950 1100 3.04834E-01 2.70575E-03 8.38052E-04 2.78355E-01 
950 1150 3.04840E-01 2.66062E-03 8.35289E-04 2.78440E-01 
950 1200 3.04891E-01 2.65229E-03 8.36050E-04 2.78454E-01 
950 1250 3.04907E-01 2.64564E-03 8.44198E-04 2.78423E-01 
950 1300 3.04838E-01 2.66036E-03 8.38129E-04 2.78433E-01 
950 1350 3.04856E-01 2.73487E-03 8.32867E-04 2.78367E-01 
950 1400 3.04897E-01 2.69990E-03 8.35849E-04 2.78377E-01 
950 1450 3.04943E-01 2.69635E-03 8.33399E-04 2.78378E-01 
950 1500 3.04863E-01 2.69096E-03 8.36825E-04 2.78419E-01 
950 1550 3.04879E-01 2.65905E-03 8.30694E-04 2.78441E-01 
950 1600 3.04880E-01 2.63833E-03 8.43008E-04 2.78440E-01 
950 1650 3.04888E-01 2.75474E-03 8.36233E-04 2.78345E-01 
950 1700 3.04760E-01 2.62711E-03 8.40851E-04 2.78473E-01 
950 1750 3.04820E-01 2.63688E-03 8.41731E-04 2.78468E-01 
950 1800 3.04778E-01 2.72154E-03 8.44145E-04 2.78362E-01 
950 1850 3.04875E-01 2.65679E-03 8.36317E-04 2.78461E-01 
950 1900 3.04890E-01 2.66609E-03 8.36800E-04 2.78436E-01 
950 1950 3.04853E-01 2.64942E-03 8.38034E-04 2.78454E-01 
950 2000 3.04859E-01 2.69543E-03 8.32034E-04 2.78378E-01 
950 2050 3.04866E-01 2.69886E-03 8.40541E-04 2.78405E-01 
1000 800 3.04963E-01 2.89686E-03 8.42315E-04 2.78433E-01 
1000 850 3.05014E-01 2.86307E-03 8.49698E-04 2.78490E-01 
1000 900 3.05003E-01 2.89544E-03 8.27515E-04 2.78447E-01 
1000 950 3.04957E-01 2.84337E-03 8.46159E-04 2.78513E-01 
1000 1000 3.04996E-01 2.73620E-03 8.31194E-04 2.78633E-01 
1000 1050 3.04988E-01 2.81155E-03 8.43137E-04 2.78521E-01 
1000 1100 3.04901E-01 2.81890E-03 8.43732E-04 2.78534E-01 
1000 1150 3.04962E-01 2.77858E-03 8.34797E-04 2.78570E-01 
1000 1200 3.05005E-01 2.82431E-03 8.38610E-04 2.78520E-01 
1000 1250 3.04996E-01 2.87459E-03 8.51238E-04 2.78455E-01 
1000 1300 3.04869E-01 2.83594E-03 8.40648E-04 2.78532E-01 
1000 1350 3.04959E-01 2.80057E-03 8.44864E-04 2.78555E-01 
1000 1400 3.04998E-01 2.91066E-03 8.39640E-04 2.78444E-01 
1000 1450 3.04918E-01 2.75718E-03 8.37091E-04 2.78587E-01 
1000 1500 3.04931E-01 2.92511E-03 8.41072E-04 2.78419E-01 
1000 1550 3.04985E-01 2.88843E-03 8.44083E-04 2.78466E-01 
1000 1600 3.04972E-01 2.88862E-03 8.42868E-04 2.78477E-01 
1000 1650 3.05005E-01 2.84736E-03 8.40454E-04 2.78501E-01 
1000 1700 3.04947E-01 2.82707E-03 8.30263E-04 2.78543E-01 
1000 1750 3.04955E-01 2.88620E-03 8.44135E-04 2.78479E-01 
1000 1800 3.04894E-01 2.88100E-03 8.42670E-04 2.78478E-01 
1000 1850 3.04936E-01 2.87118E-03 8.37094E-04 2.78492E-01 
1000 1900 3.04945E-01 2.83425E-03 8.36037E-04 2.78527E-01 
1000 1950 3.04832E-01 2.82550E-03 8.41853E-04 2.78531E-01 
1000 2000 3.05006E-01 2.87893E-03 8.41041E-04 2.78451E-01 
1000 2050 3.04977E-01 2.85478E-03 8.34770E-04 2.78503E-01 
1050 800 3.05054E-01 3.05290E-03 8.44095E-04 2.78547E-01 
1050 850 3.05093E-01 3.04300E-03 8.42367E-04 2.78572E-01 
1050 900 3.05046E-01 3.01020E-03 8.48438E-04 2.78608E-01 
1050 950 3.05080E-01 3.11152E-03 8.51223E-04 2.78501E-01 
1050 1000 3.05070E-01 3.09040E-03 8.32875E-04 2.78528E-01 
1050 1050 3.05091E-01 2.89673E-03 8.40912E-04 2.78701E-01 
1050 1100 3.05055E-01 3.00631E-03 8.42858E-04 2.78618E-01 
1050 1150 3.05084E-01 2.96377E-03 8.26206E-04 2.78677E-01 
1050 1200 3.05125E-01 3.17608E-03 8.37405E-04 2.78438E-01 
1050 1250 3.05059E-01 3.04857E-03 8.39715E-04 2.78584E-01 
1050 1300 3.05030E-01 3.06997E-03 8.45862E-04 2.78576E-01 
1050 1350 3.05003E-01 3.02627E-03 8.44125E-04 2.78578E-01 
1050 1400 3.04973E-01 3.10380E-03 8.37166E-04 2.78504E-01 
1050 1450 3.05100E-01 3.03717E-03 8.52292E-04 2.78556E-01 
1050 1500 3.04993E-01 3.11541E-03 8.45025E-04 2.78484E-01 
1050 1550 3.05042E-01 3.08118E-03 8.50763E-04 2.78540E-01 
1050 1600 3.05028E-01 2.99097E-03 8.40541E-04 2.78621E-01 
1050 1650 3.05026E-01 3.03507E-03 8.34032E-04 2.78592E-01 
1050 1700 3.04983E-01 2.98060E-03 8.42756E-04 2.78608E-01 
1050 1750 3.04991E-01 3.00092E-03 8.47367E-04 2.78609E-01 
1050 1800 3.05022E-01 3.01840E-03 8.39552E-04 2.78621E-01 
1050 1850 3.04991E-01 3.08836E-03 8.44213E-04 2.78517E-01 
1050 1900 3.05030E-01 3.08582E-03 8.49222E-04 2.78543E-01 
1050 1950 3.05019E-01 3.01094E-03 8.39483E-04 2.78604E-01 
1050 2000 3.05029E-01 3.03270E-03 8.48430E-04 2.78566E-01 
1050 2050 3.05035E-01 2.97976E-03 8.41034E-04 2.78631E-01 
1100 800 3.05171E-01 3.20246E-03 8.29145E-04 2.78672E-01 
1100 850 3.05118E-01 3.23680E-03 8.40749E-04 2.78592E-01 
1100 900 3.05115E-01 3.23967E-03 8.56217E-04 2.78621E-01 
1100 950 3.05140E-01 3.24624E-03 8.46407E-04 2.78602E-01 
1100 1000 3.05149E-01 3.19868E-03 8.37926E-04 2.78654E-01 
1100 1050 3.05138E-01 3.29783E-03 8.46240E-04 2.78568E-01 
1100 1100 3.05202E-01 3.18390E-03 8.53289E-04 2.78702E-01 
1100 1150 3.05180E-01 3.32122E-03 8.54510E-04 2.78529E-01 
1100 1200 3.05085E-01 3.13332E-03 8.46817E-04 2.78758E-01 
1100 1250 3.05016E-01 3.20578E-03 8.53848E-04 2.78661E-01 
1100 1300 3.05089E-01 3.13507E-03 8.53790E-04 2.78738E-01 
1100 1350 3.05179E-01 3.21684E-03 8.46749E-04 2.78666E-01 
1100 1400 3.05186E-01 3.18973E-03 8.49696E-04 2.78687E-01 
1100 1450 3.05138E-01 3.22061E-03 8.52489E-04 2.78627E-01 
1100 1500 3.05107E-01 3.19565E-03 8.39973E-04 2.78671E-01 
1100 1550 3.05166E-01 3.26428E-03 8.44150E-04 2.78576E-01 
1100 1600 3.05047E-01 3.16662E-03 8.40858E-04 2.78692E-01 
1100 1650 3.05117E-01 3.21547E-03 8.42642E-04 2.78653E-01 
1100 1700 3.05071E-01 3.13829E-03 8.47458E-04 2.78719E-01 
1100 1750 3.05132E-01 3.24340E-03 8.46241E-04 2.78629E-01 
1100 1800 3.05121E-01 3.16845E-03 8.32444E-04 2.78704E-01 
1100 1850 3.05080E-01 3.18559E-03 8.41064E-04 2.78688E-01 
1100 1900 3.05157E-01 3.23033E-03 8.31551E-04 2.78640E-01 
1100 1950 3.05090E-01 3.29419E-03 8.38328E-04 2.78605E-01 
1100 2000 3.05137E-01 3.26468E-03 8.47189E-04 2.78596E-01 
1100 2050 3.05102E-01 3.23185E-03 8.42949E-04 2.78623E-01 
1150 800 3.05211E-01 3.47775E-03 8.51862E-04 2.78666E-01 
1150 850 3.05181E-01 3.39795E-03 8.45340E-04 2.78757E-01 
1150 900 3.05216E-01 3.48928E-03 8.41194E-04 2.78612E-01 
1150 950 3.05128E-01 3.42522E-03 8.55147E-04 2.78720E-01 
1150 1000 3.05110E-01 3.43300E-03 8.50961E-04 2.78687E-01 
1150 1050 3.05124E-01 3.32723E-03 8.38502E-04 2.78798E-01 
1150 1100 3.05203E-01 3.43861E-03 8.54981E-04 2.78649E-01 
1150 1150 3.05276E-01 3.45094E-03 8.45608E-04 2.78694E-01 
1150 1200 3.05235E-01 3.44181E-03 8.52435E-04 2.78707E-01 
1150 1250 3.05206E-01 3.48210E-03 8.42511E-04 2.78643E-01 
1150 1300 3.05147E-01 3.49763E-03 8.50342E-04 2.78593E-01 
1150 1350 3.05199E-01 3.44590E-03 8.48522E-04 2.78679E-01 
1150 1400 3.05151E-01 3.34956E-03 8.46324E-04 2.78781E-01 
1150 1450 3.05165E-01 3.49095E-03 8.41995E-04 2.78591E-01 
1150 1500 3.05162E-01 3.43686E-03 8.47076E-04 2.78705E-01 
1150 1550 3.05186E-01 3.42147E-03 8.50084E-04 2.78705E-01 
1150 1600 3.05130E-01 3.44409E-03 8.44497E-04 2.78683E-01 
1150 1650 3.05182E-01 3.46615E-03 8.38918E-04 2.78664E-01 
1150 1700 3.05229E-01 3.41862E-03 8.50978E-04 2.78697E-01 
1150 1750 3.05165E-01 3.41437E-03 8.52367E-04 2.78728E-01 
1150 1800 3.05201E-01 3.44526E-03 8.47572E-04 2.78693E-01 
1150 1850 3.05174E-01 3.45013E-03 8.45994E-04 2.78666E-01 
1150 1900 3.05136E-01 3.44406E-03 8.47014E-04 2.78681E-01 
1150 1950 3.05217E-01 3.46097E-03 8.43328E-04 2.78667E-01 
1150 2000 3.05238E-01 3.38803E-03 8.45477E-04 2.78727E-01 
1150 2050 3.05158E-01 3.47383E-03 8.50362E-04 2.78668E-01 
1200 800 3.05206E-01 3.63994E-03 8.54126E-04 2.78739E-01 
1200 850 3.05272E-01 3.59981E-03 8.47147E-04 2.78797E-01 
1200 900 3.05320E-01 3.57708E-03 8.52617E-04 2.78783E-01 
1200 950 3.05256E-01 3.74176E-03 8.48426E-04 2.78646E-01 
1200 1000 3.05196E-01 3.55356E-03 8.52675E-04 2.78840E-01 
1200 1050 3.05233E-01 3.67499E-03 8.59546E-04 2.78672E-01 
1200 1100 3.05196E-01 3.63707E-03 8.48650E-04 2.78735E-01 
1200 1150 3.05196E-01 3.62743E-03 8.51661E-04 2.78731E-01 
1200 1200 3.05286E-01 3.62197E-03 8.46337E-04 2.78737E-01 
1200 1250 3.05314E-01 3.66133E-03 8.45617E-04 2.78681E-01 
1200 1300 3.05184E-01 3.66692E-03 8.41644E-04 2.78689E-01 
1200 1350 3.05243E-01 3.67431E-03 8.47153E-04 2.78701E-01 
1200 1400 3.05283E-01 3.64867E-03 8.56218E-04 2.78725E-01 
1200 1450 3.05246E-01 3.59480E-03 8.58376E-04 2.78755E-01 
1200 1500 3.05170E-01 3.64607E-03 8.52774E-04 2.78685E-01 
1200 1550 3.05197E-01 3.66555E-03 8.54355E-04 2.78713E-01 
1200 1600 3.05184E-01 3.59519E-03 8.56023E-04 2.78740E-01 
1200 1650 3.05304E-01 3.57368E-03 8.38702E-04 2.78787E-01 
1200 1700 3.05280E-01 3.58049E-03 8.46361E-04 2.78782E-01 
1200 1750 3.05249E-01 3.66926E-03 8.61844E-04 2.78681E-01 
1200 1800 3.05243E-01 3.68787E-03 8.58269E-04 2.78703E-01 
1200 1850 3.05214E-01 3.61241E-03 8.51050E-04 2.78756E-01 
1200 1900 3.05222E-01 3.61987E-03 8.49369E-04 2.78756E-01 
1200 1950 3.05288E-01 3.64658E-03 8.46716E-04 2.78688E-01 
1200 2000 3.05323E-01 3.68278E-03 8.53813E-04 2.78663E-01 
1200 2050 3.05211E-01 3.61246E-03 8.45496E-04 2.78724E-01 
1250 800 3.05450E-01 3.77152E-03 8.44485E-04 2.78831E-01 
1250 850 3.05342E-01 3.74451E-03 8.50718E-04 2.78880E-01 
1250 900 3.05240E-01 3.82361E-03 8.54076E-04 2.78813E-01 
1250 950 3.05303E-01 3.92110E-03 8.59212E-04 2.78694E-01 
1250 1000 3.05297E-01 3.77602E-03 8.62742E-04 2.78846E-01 
1250 1050 3.05320E-01 3.76511E-03 8.43163E-04 2.78870E-01 
1250 1100 3.05251E-01 3.82957E-03 8.46067E-04 2.78796E-01 
1250 1150 3.05279E-01 3.79718E-03 8.66682E-04 2.78831E-01 
1250 1200 3.05299E-01 3.76278E-03 8.53898E-04 2.78873E-01 
1250 1250 3.05350E-01 3.84420E-03 8.43659E-04 2.78769E-01 
1250 1300 3.05280E-01 3.90876E-03 8.67487E-04 2.78701E-01 
1250 1350 3.05207E-01 3.86565E-03 8.48297E-04 2.78746E-01 
1250 1400 3.05251E-01 3.75283E-03 8.63568E-04 2.78868E-01 
1250 1450 3.05325E-01 3.85545E-03 8.53188E-04 2.78761E-01 
1250 1500 3.05270E-01 3.88088E-03 8.63051E-04 2.78717E-01 
1250 1550 3.05301E-01 3.80619E-03 8.50192E-04 2.78798E-01 
1250 1600 3.05365E-01 3.75217E-03 8.49936E-04 2.78896E-01 
1250 1650 3.05375E-01 3.83157E-03 8.51772E-04 2.78796E-01 
1250 1700 3.05339E-01 3.84446E-03 8.56540E-04 2.78801E-01 
1250 1750 3.05341E-01 3.79372E-03 8.47691E-04 2.78815E-01 
1250 1800 3.05249E-01 3.82548E-03 8.51858E-04 2.78819E-01 
1250 1850 3.05314E-01 3.81253E-03 8.49714E-04 2.78838E-01 
1250 1900 3.05379E-01 3.85425E-03 8.41028E-04 2.78781E-01 
1250 1950 3.05299E-01 3.82722E-03 8.46560E-04 2.78802E-01 
1250 2000 3.05303E-01 3.76719E-03 8.49052E-04 2.78867E-01 
1250 2050 3.05363E-01 3.88729E-03 8.62753E-04 2.78721E-01 
1300 800 3.05408E-01 4.03105E-03 8.50157E-04 2.78796E-01 
1300 850 3.05381E-01 3.97834E-03 8.47983E-04 2.78882E-01 
1300 900 3.05388E-01 4.06066E-03 8.53692E-04 2.78820E-01 
1300 950 3.05418E-01 4.02790E-03 8.57838E-04 2.78866E-01 
1300 1000 3.05411E-01 4.05046E-03 8.47000E-04 2.78795E-01 
1300 1050 3.05478E-01 4.11403E-03 8.54991E-04 2.78734E-01 
1300 1100 3.05409E-01 4.00568E-03 8.68340E-04 2.78857E-01 
1300 1150 3.05382E-01 4.08099E-03 8.60519E-04 2.78786E-01 
1300 1200 3.05350E-01 3.99419E-03 8.58412E-04 2.78902E-01 
1300 1250 3.05347E-01 4.07893E-03 8.51263E-04 2.78811E-01 
1300 1300 3.05376E-01 4.08900E-03 8.59237E-04 2.78768E-01 
1300 1350 3.05367E-01 4.01664E-03 8.62220E-04 2.78834E-01 
1300 1400 3.05345E-01 3.99697E-03 8.56255E-04 2.78843E-01 
1300 1450 3.05343E-01 4.00493E-03 8.68581E-04 2.78868E-01 
1300 1500 3.05419E-01 3.98700E-03 8.66014E-04 2.78860E-01 
1300 1550 3.05418E-01 4.02458E-03 8.52719E-04 2.78843E-01 
1300 1600 3.05399E-01 3.98799E-03 8.56000E-04 2.78900E-01 
1300 1650 3.05388E-01 3.98929E-03 8.52244E-04 2.78885E-01 
1300 1700 3.05376E-01 4.00649E-03 8.58178E-04 2.78876E-01 
1300 1750 3.05361E-01 4.05896E-03 8.50568E-04 2.78812E-01 
1300 1800 3.05354E-01 4.05473E-03 8.55673E-04 2.78770E-01 
1300 1850 3.05382E-01 4.04817E-03 8.52108E-04 2.78826E-01 
1300 1900 3.05392E-01 4.00266E-03 8.47800E-04 2.78858E-01 
1300 1950 3.05363E-01 4.04509E-03 8.58323E-04 2.78857E-01 
1300 2000 3.05357E-01 3.99718E-03 8.48286E-04 2.78864E-01 
1300 2050 3.05389E-01 4.02062E-03 8.59955E-04 2.78868E-01 
1350 800 3.05556E-01 4.26530E-03 8.60899E-04 2.78826E-01 
1350 850 3.05415E-01 4.18259E-03 8.53927E-04 2.78958E-01 
1350 900 3.05420E-01 4.25838E-03 8.50825E-04 2.78849E-01 
1350 950 3.05425E-01 4.34031E-03 8.64884E-04 2.78764E-01 
1350 1000 3.05472E-01 4.16129E-03 8.51792E-04 2.78934E-01 
1350 1050 3.05409E-01 4.24274E-03 8.59398E-04 2.78829E-01 
1350 1100 3.05486E-01 4.22593E-03 8.66752E-04 2.78870E-01 
1350 1150 3.05420E-01 4.12353E-03 8.64702E-04 2.79023E-01 
1350 1200 3.05483E-01 4.18445E-03 8.66688E-04 2.78942E-01 
1350 1250 3.05417E-01 4.23500E-03 8.63249E-04 2.78878E-01 
1350 1300 3.05477E-01 4.20172E-03 8.59722E-04 2.78928E-01 
1350 1350 3.05436E-01 4.26429E-03 8.65945E-04 2.78877E-01 
1350 1400 3.05461E-01 4.23680E-03 8.60439E-04 2.78843E-01 
1350 1450 3.05470E-01 4.24390E-03 8.45360E-04 2.78865E-01 
1350 1500 3.05410E-01 4.26253E-03 8.61629E-04 2.78878E-01 
1350 1550 3.05455E-01 4.19797E-03 8.51255E-04 2.78920E-01 
1350 1600 3.05417E-01 4.21114E-03 8.57551E-04 2.78920E-01 
1350 1650 3.05417E-01 4.22203E-03 8.57739E-04 2.78902E-01 
1350 1700 3.05480E-01 4.21441E-03 8.51266E-04 2.78907E-01 
1350 1750 3.05461E-01 4.25390E-03 8.62914E-04 2.78857E-01 
1350 1800 3.05437E-01 4.24295E-03 8.56124E-04 2.78865E-01 
1350 1850 3.05491E-01 4.22961E-03 8.61850E-04 2.78874E-01 
1350 1900 3.05371E-01 4.16842E-03 8.55450E-04 2.78952E-01 
1350 1950 3.05454E-01 4.25531E-03 8.60272E-04 2.78863E-01 
1350 2000 3.05503E-01 4.19140E-03 8.52541E-04 2.78922E-01 
1350 2050 3.05439E-01 4.20893E-03 8.53234E-04 2.78892E-01 
1400 800 3.05591E-01 4.39835E-03 8.55114E-04 2.78955E-01 
1400 850 3.05554E-01 4.53660E-03 8.63614E-04 2.78799E-01 
1400 900 3.05529E-01 4.47786E-03 8.50606E-04 2.78815E-01 
1400 950 3.05605E-01 4.40657E-03 8.62437E-04 2.78907E-01 
1400 1000 3.05617E-01 4.37771E-03 8.58993E-04 2.78990E-01 
1400 1050 3.05426E-01 4.37786E-03 8.66798E-04 2.78988E-01 
1400 1100 3.05526E-01 4.33136E-03 8.53569E-04 2.79028E-01 
1400 1150 3.05506E-01 4.41380E-03 8.54489E-04 2.78949E-01 
1400 1200 3.05530E-01 4.44602E-03 8.53360E-04 2.78944E-01 
1400 1250 3.05525E-01 4.35261E-03 8.63490E-04 2.79008E-01 
1400 1300 3.05553E-01 4.41895E-03 8.59402E-04 2.78950E-01 
1400 1350 3.05504E-01 4.53202E-03 8.69854E-04 2.78806E-01 
1400 1400 3.05526E-01 4.54468E-03 8.55695E-04 2.78834E-01 
1400 1450 3.05426E-01 4.38042E-03 8.62734E-04 2.78969E-01 
1400 1500 3.05473E-01 4.41385E-03 8.64239E-04 2.78923E-01 
1400 1550 3.05511E-01 4.43021E-03 8.59768E-04 2.78916E-01 
1400 1600 3.05529E-01 4.40691E-03 8.54336E-04 2.78925E-01 
1400 1650 3.05574E-01 4.52254E-03 8.68378E-04 2.78830E-01 
1400 1700 3.05504E-01 4.36524E-03 8.60216E-04 2.78992E-01 
1400 1750 3.05425E-01 4.49948E-03 8.54171E-04 2.78865E-01 
1400 1800 3.05535E-01 4.40716E-03 8.59168E-04 2.78921E-01 
1400 1850 3.05522E-01 4.46761E-03 8.62059E-04 2.78874E-01 
1400 1900 3.05537E-01 4.49353E-03 8.62820E-04 2.78848E-01 
1400 1950 3.05487E-01 4.36669E-03 8.64435E-04 2.78990E-01 
1400 2000 3.05465E-01 4.42133E-03 8.62320E-04 2.78927E-01 
1400 2050 3.05537E-01 4.43901E-03 8.54720E-04 2.78913E-01 
1450 800 3.05549E-01 4.62765E-03 8.67271E-04 2.78918E-01 
1450 850 3.05594E-01 4.55737E-03 8.57011E-04 2.79056E-01 
1450 900 3.05544E-01 4.63456E-03 8.56209E-04 2.78940E-01 
1450 950 3.05571E-01 4.63388E-03 8.64391E-04 2.78898E-01 
1450 1000 3.05576E-01 4.65474E-03 8.55921E-04 2.78959E-01 
1450 1050 3.05561E-01 4.65322E-03 8.57515E-04 2.78957E-01 
1450 1100 3.05562E-01 4.57493E-03 8.60281E-04 2.79023E-01 
1450 1150 3.05594E-01 4.70292E-03 8.64587E-04 2.78838E-01 
1450 1200 3.05595E-01 4.74461E-03 8.70695E-04 2.78815E-01 
1450 1250 3.05538E-01 4.64533E-03 8.66601E-04 2.78930E-01 
1450 1300 3.05512E-01 4.70730E-03 8.74556E-04 2.78848E-01 
1450 1350 3.05548E-01 4.71922E-03 8.68195E-04 2.78884E-01 
1450 1400 3.05578E-01 4.68008E-03 8.59765E-04 2.78901E-01 
1450 1450 3.05617E-01 4.60453E-03 8.51635E-04 2.78985E-01 
1450 1500 3.05565E-01 4.65558E-03 8.69825E-04 2.78933E-01 
1450 1550 3.05612E-01 4.73819E-03 8.65412E-04 2.78831E-01 
1450 1600 3.05624E-01 4.59294E-03 8.67674E-04 2.78976E-01 
1450 1650 3.05544E-01 4.79007E-03 8.76204E-04 2.78800E-01 
1450 1700 3.05554E-01 4.59410E-03 8.64861E-04 2.79008E-01 
1450 1750 3.05467E-01 4.60258E-03 8.64350E-04 2.78993E-01 
1450 1800 3.05590E-01 4.59529E-03 8.59965E-04 2.79002E-01 
1450 1850 3.05601E-01 4.66543E-03 8.59409E-04 2.78896E-01 
1450 1900 3.05524E-01 4.61172E-03 8.61565E-04 2.79000E-01 
1450 1950 3.05549E-01 4.64767E-03 8.65007E-04 2.78946E-01 
1450 2000 3.05544E-01 4.61205E-03 8.67792E-04 2.78994E-01 
1450 2050 3.05526E-01 4.57898E-03 8.68639E-04 2.79012E-01 
1500 800 3.05582E-01 4.86227E-03 8.69103E-04 2.78975E-01 
1500 850 3.05576E-01 4.89241E-03 8.68752E-04 2.78889E-01 
1500 900 3.05789E-01 4.86114E-03 8.62938E-04 2.78919E-01 
1500 950 3.05586E-01 4.98372E-03 8.65276E-04 2.78816E-01 
1500 1000 3.05644E-01 5.07997E-03 8.78786E-04 2.78731E-01 
1500 1050 3.05620E-01 5.00917E-03 8.61837E-04 2.78818E-01 
1500 1100 3.05574E-01 4.89698E-03 8.67149E-04 2.78889E-01 
1500 1150 3.05642E-01 4.92669E-03 8.64342E-04 2.78890E-01 
1500 1200 3.05607E-01 4.84290E-03 8.79041E-04 2.78970E-01 
1500 1250 3.05618E-01 4.90945E-03 8.76376E-04 2.78890E-01 
1500 1300 3.05666E-01 4.92159E-03 8.60592E-04 2.78891E-01 
1500 1350 3.05698E-01 4.77175E-03 8.53911E-04 2.79019E-01 
1500 1400 3.05599E-01 4.81875E-03 8.70533E-04 2.78996E-01 
1500 1450 3.05549E-01 4.90632E-03 8.62402E-04 2.78886E-01 
1500 1500 3.05641E-01 4.86271E-03 8.69940E-04 2.78949E-01 
1500 1550 3.05563E-01 4.84598E-03 8.66837E-04 2.78966E-01 
1500 1600 3.05696E-01 4.89426E-03 8.62815E-04 2.78864E-01 
1500 1650 3.05557E-01 4.81936E-03 8.68920E-04 2.79017E-01 
1500 1700 3.05626E-01 4.89351E-03 8.51509E-04 2.78921E-01 
1500 1750 3.05604E-01 4.75172E-03 8.62148E-04 2.79069E-01 
1500 1800 3.05655E-01 4.82139E-03 8.68092E-04 2.79002E-01 
1500 1850 3.05639E-01 4.87658E-03 8.61743E-04 2.78904E-01 
1500 1900 3.05661E-01 4.85301E-03 8.70084E-04 2.78936E-01 
1500 1950 3.05608E-01 4.88848E-03 8.64251E-04 2.78915E-01 
1500 2000 3.05586E-01 4.81640E-03 8.64710E-04 2.79015E-01 
1500 2050 3.05565E-01 4.94151E-03 8.71760E-04 2.78906E-01 
1550 800 3.05753E-01 5.06124E-03 8.65761E-04 2.79001E-01 
1550 850 3.05684E-01 5.03389E-03 8.68969E-04 2.78975E-01 
1550 900 3.05744E-01 5.07273E-03 8.68723E-04 2.78982E-01 
1550 950 3.05669E-01 5.04266E-03 8.75945E-04 2.79053E-01 
1550 1000 3.05698E-01 5.06296E-03 8.66854E-04 2.78987E-01 
1550 1050 3.05662E-01 5.09173E-03 8.63952E-04 2.78977E-01 
1550 1100 3.05692E-01 5.03691E-03 8.73159E-04 2.79018E-01 
1550 1150 3.05732E-01 5.05265E-03 8.71611E-04 2.79017E-01 
1550 1200 3.05606E-01 5.06923E-03 8.69873E-04 2.78994E-01 
1550 1250 3.05691E-01 5.03609E-03 8.73113E-04 2.79032E-01 
1550 1300 3.05640E-01 5.10323E-03 8.69661E-04 2.78935E-01 
1550 1350 3.05645E-01 4.98647E-03 8.73778E-04 2.79049E-01 
1550 1400 3.05726E-01 5.08845E-03 8.65031E-04 2.78953E-01 
1550 1450 3.05729E-01 5.15192E-03 8.58896E-04 2.78899E-01 
1550 1500 3.05689E-01 5.10161E-03 8.64185E-04 2.78983E-01 
1550 1550 3.05709E-01 5.07626E-03 8.66055E-04 2.78975E-01 
1550 1600 3.05624E-01 5.09776E-03 8.67805E-04 2.78949E-01 
1550 1650 3.05670E-01 5.14238E-03 8.67253E-04 2.78901E-01 
1550 1700 3.05601E-01 5.13251E-03 8.72739E-04 2.78904E-01 
1550 1750 3.05681E-01 5.09075E-03 8.68432E-04 2.78953E-01 
1550 1800 3.05679E-01 5.08063E-03 8.65451E-04 2.78966E-01 
1550 1850 3.05658E-01 5.07828E-03 8.71526E-04 2.78981E-01 
1550 1900 3.05709E-01 5.17382E-03 8.63761E-04 2.78889E-01 
1550 1950 3.05700E-01 5.08590E-03 8.68399E-04 2.78993E-01 
1550 2000 3.05594E-01 5.09912E-03 8.71418E-04 2.78942E-01 
1550 2050 3.05744E-01 5.08215E-03 8.62169E-04 2.78969E-01 
1600 800 3.05779E-01 5.21470E-03 8.72729E-04 2.79056E-01 
1600 850 3.05707E-01 5.26270E-03 8.66240E-04 2.79004E-01 
1600 900 3.05760E-01 5.33721E-03 8.68533E-04 2.78944E-01 
1600 950 3.05694E-01 5.30440E-03 8.81137E-04 2.78980E-01 
1600 1000 3.05772E-01 5.38675E-03 8.76268E-04 2.78907E-01 
1600 1050 3.05694E-01 5.36708E-03 8.82480E-04 2.78892E-01 
1600 1100 3.05744E-01 5.31830E-03 8.74116E-04 2.78955E-01 
1600 1150 3.05759E-01 5.38253E-03 8.73969E-04 2.78921E-01 
1600 1200 3.05758E-01 5.39649E-03 8.76499E-04 2.78887E-01 
1600 1250 3.05701E-01 5.30022E-03 8.72601E-04 2.78972E-01 
1600 1300 3.05733E-01 5.23481E-03 8.84144E-04 2.79029E-01 
1600 1350 3.05724E-01 5.36513E-03 8.71380E-04 2.78896E-01 
1600 1400 3.05758E-01 5.29554E-03 8.80537E-04 2.78954E-01 
1600 1450 3.05734E-01 5.27107E-03 8.68339E-04 2.79023E-01 
1600 1500 3.05676E-01 5.28654E-03 8.75685E-04 2.79012E-01 
1600 1550 3.05694E-01 5.38919E-03 8.72664E-04 2.78892E-01 
1600 1600 3.05752E-01 5.22284E-03 8.67334E-04 2.79075E-01 
1600 1650 3.05699E-01 5.35425E-03 8.78912E-04 2.78942E-01 
1600 1700 3.05760E-01 5.36105E-03 8.64986E-04 2.78933E-01 
1600 1750 3.05672E-01 5.30795E-03 8.68038E-04 2.78976E-01 
1600 1800 3.05755E-01 5.24832E-03 8.58054E-04 2.79050E-01 
1600 1850 3.05710E-01 5.45196E-03 8.76706E-04 2.78794E-01 
1600 1900 3.05720E-01 5.30704E-03 8.79999E-04 2.78971E-01 
1600 1950 3.05673E-01 5.34324E-03 8.75823E-04 2.78924E-01 
1600 2000 3.05705E-01 5.22195E-03 8.80629E-04 2.79061E-01 
1600 2050 3.05710E-01 5.42026E-03 8.78534E-04 2.78870E-01 
1650 800 3.05776E-01 5.46738E-03 8.79751E-04 2.79040E-01 
1650 850 3.05815E-01 5.48048E-03 8.67008E-04 2.79020E-01 
1650 900 3.05693E-01 5.56102E-03 8.88150E-04 2.78965E-01 
1650 950 3.05877E-01 5.55175E-03 8.71778E-04 2.78963E-01 
1650 1000 3.05766E-01 5.51882E-03 8.77004E-04 2.79004E-01 
1650 1050 3.05834E-01 5.55481E-03 8.84307E-04 2.78972E-01 
1650 1100 3.05749E-01 5.62079E-03 8.79121E-04 2.78902E-01 
1650 1150 3.05784E-01 5.53936E-03 8.65986E-04 2.78979E-01 
1650 1200 3.05724E-01 5.61033E-03 8.76741E-04 2.78903E-01 
1650 1250 3.05742E-01 5.54343E-03 8.78030E-04 2.78922E-01 
1650 1300 3.05753E-01 5.56621E-03 8.78588E-04 2.78910E-01 
1650 1350 3.05832E-01 5.49003E-03 8.74616E-04 2.79007E-01 
1650 1400 3.05802E-01 5.57015E-03 8.83636E-04 2.78899E-01 
1650 1450 3.05754E-01 5.52760E-03 8.75530E-04 2.78976E-01 
1650 1500 3.05755E-01 5.60631E-03 8.76063E-04 2.78911E-01 
1650 1550 3.05805E-01 5.51525E-03 8.76518E-04 2.79017E-01 
1650 1600 3.05779E-01 5.53976E-03 8.70178E-04 2.78931E-01 
1650 1650 3.05744E-01 5.58952E-03 8.74486E-04 2.78920E-01 
1650 1700 3.05747E-01 5.50443E-03 8.68250E-04 2.78990E-01 
1650 1750 3.05812E-01 5.45745E-03 8.74387E-04 2.79057E-01 
1650 1800 3.05751E-01 5.61187E-03 8.84488E-04 2.78886E-01 
1650 1850 3.05754E-01 5.53627E-03 8.64019E-04 2.79000E-01 
1650 1900 3.05734E-01 5.49075E-03 8.67086E-04 2.79017E-01 
1650 1950 3.05752E-01 5.44902E-03 8.67994E-04 2.79049E-01 
1650 2000 3.05684E-01 5.54594E-03 8.84133E-04 2.78963E-01 
1650 2050 3.05778E-01 5.59059E-03 8.70227E-04 2.78913E-01 
1700 800 3.05884E-01 5.75874E-03 8.85770E-04 2.79014E-01 
1700 850 3.05900E-01 5.77563E-03 8.72011E-04 2.78978E-01 
1700 900 3.05843E-01 5.82167E-03 8.79225E-04 2.78923E-01 
1700 950 3.05795E-01 5.75216E-03 8.76901E-04 2.79018E-01 
1700 1000 3.05824E-01 5.71133E-03 8.79665E-04 2.79035E-01 
1700 1050 3.05853E-01 5.78560E-03 8.76583E-04 2.78927E-01 
1700 1100 3.05797E-01 5.74488E-03 8.81277E-04 2.78949E-01 
1700 1150 3.05808E-01 5.79393E-03 8.79027E-04 2.78929E-01 
1700 1200 3.05956E-01 5.82947E-03 8.66345E-04 2.78892E-01 
1700 1250 3.05778E-01 5.80035E-03 8.82802E-04 2.78942E-01 
1700 1300 3.05861E-01 5.78956E-03 8.69626E-04 2.78934E-01 
1700 1350 3.05763E-01 5.83354E-03 8.75071E-04 2.78903E-01 
1700 1400 3.05803E-01 5.85549E-03 8.83146E-04 2.78869E-01 
1700 1450 3.05781E-01 5.75783E-03 8.85325E-04 2.78968E-01 
1700 1500 3.05838E-01 5.82651E-03 8.82107E-04 2.78902E-01 
1700 1550 3.05784E-01 5.78313E-03 8.90116E-04 2.78947E-01 
1700 1600 3.05840E-01 5.74074E-03 8.69081E-04 2.78981E-01 
1700 1650 3.05850E-01 5.71107E-03 8.78214E-04 2.79042E-01 
1700 1700 3.05820E-01 5.82895E-03 8.85549E-04 2.78888E-01 
1700 1750 3.05838E-01 5.74915E-03 8.75711E-04 2.78986E-01 
1700 1800 3.05811E-01 5.74966E-03 8.80227E-04 2.78960E-01 
1700 1850 3.05838E-01 5.77157E-03 8.74667E-04 2.78939E-01 
1700 1900 3.05796E-01 5.75720E-03 8.80698E-04 2.78998E-01 
1700 1950 3.05854E-01 5.68384E-03 8.76092E-04 2.79057E-01 
1700 2000 3.05808E-01 5.75778E-03 8.86207E-04 2.78995E-01 
1700 2050 3.05799E-01 5.82085E-03 8.83733E-04 2.78909E-01 
1750 800 3.05809E-01 6.03189E-03 8.89755E-04 2.78940E-01 
1750 850 3.05909E-01 5.95269E-03 8.79837E-04 2.79026E-01 
1750 900 3.05897E-01 6.06512E-03 8.92783E-04 2.78879E-01 
1750 950 3.05876E-01 6.09009E-03 8.92898E-04 2.78805E-01 
1750 1000 3.05809E-01 5.96147E-03 8.79619E-04 2.78995E-01 
1750 1050 3.05874E-01 6.00803E-03 8.85514E-04 2.78953E-01 
1750 1100 3.05841E-01 6.09940E-03 8.87586E-04 2.78857E-01 
1750 1150 3.05911E-01 5.97551E-03 8.82291E-04 2.78968E-01 
1750 1200 3.05906E-01 6.04698E-03 8.87332E-04 2.78939E-01 
1750 1250 3.05844E-01 6.02936E-03 8.90196E-04 2.78946E-01 
1750 1300 3.05909E-01 5.99728E-03 8.78039E-04 2.78944E-01 
1750 1350 3.05884E-01 5.98611E-03 8.86994E-04 2.78995E-01 
1750 1400 3.05900E-01 6.00969E-03 8.75968E-04 2.78938E-01 
1750 1450 3.05852E-01 6.00937E-03 8.87867E-04 2.78939E-01 
1750 1500 3.05860E-01 6.11073E-03 8.78129E-04 2.78819E-01 
1750 1550 3.05862E-01 6.03019E-03 8.76751E-04 2.78936E-01 
1750 1600 3.05929E-01 6.06048E-03 8.82320E-04 2.78904E-01 
1750 1650 3.05873E-01 5.92250E-03 8.87243E-04 2.79036E-01 
1750 1700 3.05836E-01 6.02589E-03 8.86825E-04 2.78921E-01 
1750 1750 3.05841E-01 6.03992E-03 8.84136E-04 2.78905E-01 
1750 1800 3.05876E-01 6.02484E-03 8.91599E-04 2.78893E-01 
1750 1850 3.05829E-01 5.99801E-03 8.87860E-04 2.78978E-01 
1750 1900 3.05942E-01 5.98427E-03 8.73867E-04 2.78999E-01 
1750 1950 3.05901E-01 6.04199E-03 8.83242E-04 2.78929E-01 
1750 2000 3.05888E-01 5.97225E-03 8.75955E-04 2.78989E-01 
1750 2050 3.05856E-01 5.97103E-03 8.76171E-04 2.78983E-01 
1800 800 3.05981E-01 6.20076E-03 8.87268E-04 2.78945E-01 
1800 850 3.05947E-01 6.22413E-03 8.88326E-04 2.78947E-01 
1800 900 3.05895E-01 6.18452E-03 8.92202E-04 2.78984E-01 
1800 950 3.05976E-01 6.22786E-03 8.83173E-04 2.78968E-01 
1800 1000 3.05947E-01 6.26532E-03 8.76095E-04 2.78901E-01 
1800 1050 3.05947E-01 6.16543E-03 8.82176E-04 2.78974E-01 
1800 1100 3.05896E-01 6.25094E-03 8.90494E-04 2.78927E-01 
1800 1150 3.05897E-01 6.22915E-03 8.86958E-04 2.78950E-01 
1800 1200 3.05868E-01 6.30582E-03 8.89339E-04 2.78871E-01 
1800 1250 3.05935E-01 6.30083E-03 8.84172E-04 2.78876E-01 
1800 1300 3.05923E-01 6.18515E-03 8.77000E-04 2.78987E-01 
1800 1350 3.05944E-01 6.23002E-03 8.78609E-04 2.78958E-01 
1800 1400 3.05936E-01 6.24724E-03 8.81732E-04 2.78917E-01 
1800 1450 3.05918E-01 6.29152E-03 8.90331E-04 2.78915E-01 
1800 1500 3.05921E-01 6.31421E-03 8.85143E-04 2.78875E-01 
1800 1550 3.05863E-01 6.23319E-03 8.87541E-04 2.78938E-01 
1800 1600 3.05901E-01 6.28293E-03 8.87621E-04 2.78872E-01 
1800 1650 3.05943E-01 6.17496E-03 8.84896E-04 2.78990E-01 
1800 1700 3.05956E-01 6.25680E-03 8.87956E-04 2.78908E-01 
1800 1750 3.05883E-01 6.32975E-03 8.92817E-04 2.78865E-01 
1800 1800 3.05997E-01 6.34400E-03 8.81762E-04 2.78850E-01 
1800 1850 3.05935E-01 6.18299E-03 8.85373E-04 2.78949E-01 
1800 1900 3.05991E-01 6.19963E-03 8.68436E-04 2.78971E-01 
1800 1950 3.05871E-01 6.21574E-03 8.74994E-04 2.78928E-01 
1800 2000 3.05911E-01 6.22276E-03 8.91050E-04 2.78945E-01 
1800 2050 3.05937E-01 6.31325E-03 8.71553E-04 2.78837E-01 
1850 800 3.05942E-01 6.55126E-03 8.87225E-04 2.78859E-01 
1850 850 3.05985E-01 6.58784E-03 8.91910E-04 2.78824E-01 
1850 900 3.05951E-01 6.45236E-03 8.87425E-04 2.78934E-01 
1850 950 3.05995E-01 6.50207E-03 8.91670E-04 2.78905E-01 
1850 1000 3.06001E-01 6.54050E-03 8.89994E-04 2.78827E-01 
1850 1050 3.06002E-01 6.51177E-03 8.94724E-04 2.78877E-01 
1850 1100 3.06009E-01 6.41517E-03 8.91644E-04 2.79006E-01 
1850 1150 3.05956E-01 6.44830E-03 8.87431E-04 2.78968E-01 
1850 1200 3.06045E-01 6.54484E-03 9.02054E-04 2.78872E-01 
1850 1250 3.06004E-01 6.50071E-03 8.97702E-04 2.78884E-01 
1850 1300 3.05913E-01 6.42031E-03 8.92963E-04 2.78957E-01 
1850 1350 3.05995E-01 6.50037E-03 8.87960E-04 2.78944E-01 
1850 1400 3.05936E-01 6.51856E-03 8.94472E-04 2.78876E-01 
1850 1450 3.05973E-01 6.48266E-03 8.86094E-04 2.78918E-01 
1850 1500 3.05946E-01 6.45408E-03 8.81794E-04 2.78931E-01 
1850 1550 3.05958E-01 6.47307E-03 8.82237E-04 2.78968E-01 
1850 1600 3.06027E-01 6.60640E-03 8.82409E-04 2.78792E-01 
1850 1650 3.05971E-01 6.52341E-03 8.95353E-04 2.78907E-01 
1850 1700 3.05981E-01 6.54348E-03 8.91741E-04 2.78836E-01 
1850 1750 3.05988E-01 6.50678E-03 8.89845E-04 2.78830E-01 
1850 1800 3.05972E-01 6.49285E-03 8.89281E-04 2.78955E-01 
1850 1850 3.05986E-01 6.54564E-03 8.90953E-04 2.78860E-01 
1850 1900 3.05992E-01 6.47499E-03 8.84014E-04 2.78938E-01 
1850 1950 3.05979E-01 6.50807E-03 8.85345E-04 2.78872E-01 
1850 2000 3.05951E-01 6.49175E-03 8.98897E-04 2.78895E-01 
1850 2050 3.05976E-01 6.50266E-03 8.83485E-04 2.78915E-01 
1900 800 3.06040E-01 6.76405E-03 8.96422E-04 2.78850E-01 
1900 850 3.06006E-01 6.69704E-03 8.90164E-04 2.78909E-01 
1900 900 3.06047E-01 6.66755E-03 8.95141E-04 2.78941E-01 
1900 950 3.05981E-01 6.73147E-03 8.87667E-04 2.78896E-01 
1900 1000 3.06023E-01 6.77923E-03 8.93469E-04 2.78881E-01 
1900 1050 3.06016E-01 6.79456E-03 9.03114E-04 2.78827E-01 
1900 1100 3.06103E-01 6.78460E-03 8.88528E-04 2.78836E-01 
1900 1150 3.05971E-01 6.77667E-03 8.96443E-04 2.78804E-01 
1900 1200 3.05952E-01 6.78296E-03 9.00789E-04 2.78795E-01 
1900 1250 3.06109E-01 6.77703E-03 8.96235E-04 2.78832E-01 
1900 1300 3.06043E-01 6.77862E-03 8.97086E-04 2.78793E-01 
1900 1350 3.06046E-01 6.70582E-03 8.91765E-04 2.78914E-01 
1900 1400 3.05972E-01 6.82227E-03 9.02728E-04 2.78781E-01 
1900 1450 3.05988E-01 6.71127E-03 8.91430E-04 2.78932E-01 
1900 1500 3.06097E-01 6.63828E-03 8.89956E-04 2.78972E-01 
1900 1550 3.06060E-01 6.86929E-03 8.99962E-04 2.78741E-01 
1900 1600 3.06027E-01 6.82739E-03 9.03285E-04 2.78789E-01 
1900 1650 3.06053E-01 6.77755E-03 8.99237E-04 2.78871E-01 
1900 1700 3.05991E-01 6.61868E-03 8.82047E-04 2.78998E-01 
1900 1750 3.06053E-01 6.78907E-03 8.95680E-04 2.78828E-01 
1900 1800 3.06060E-01 6.88748E-03 8.91438E-04 2.78715E-01 
1900 1850 3.06035E-01 6.64278E-03 8.86526E-04 2.78946E-01 
1900 1900 3.05986E-01 6.85196E-03 9.04485E-04 2.78729E-01 
1900 1950 3.06025E-01 6.82279E-03 8.92953E-04 2.78805E-01 
1900 2000 3.06060E-01 6.67022E-03 8.92758E-04 2.78966E-01 
1900 2050 3.05978E-01 6.73402E-03 8.87116E-04 2.78853E-01 
1950 800 3.06047E-01 7.01003E-03 9.04299E-04 2.78824E-01 
1950 850 3.06110E-01 6.98789E-03 8.94286E-04 2.78902E-01 
1950 900 3.05994E-01 6.99362E-03 9.01531E-04 2.78796E-01 
1950 950 3.06104E-01 6.96434E-03 8.80729E-04 2.78856E-01 
1950 1000 3.06084E-01 7.09764E-03 9.15488E-04 2.78720E-01 
1950 1050 3.06046E-01 7.14506E-03 9.04940E-04 2.78662E-01 
1950 1100 3.06062E-01 7.09506E-03 9.01365E-04 2.78724E-01 
1950 1150 3.06080E-01 7.07609E-03 9.00334E-04 2.78730E-01 
1950 1200 3.06076E-01 7.02502E-03 9.06852E-04 2.78765E-01 
1950 1250 3.05982E-01 7.12074E-03 9.07794E-04 2.78711E-01 
1950 1300 3.06129E-01 7.09818E-03 9.03781E-04 2.78705E-01 
1950 1350 3.06038E-01 7.01193E-03 9.00660E-04 2.78811E-01 
1950 1400 3.06100E-01 6.99534E-03 9.03044E-04 2.78818E-01 
1950 1450 3.06048E-01 7.05021E-03 8.96345E-04 2.78760E-01 
1950 1500 3.06048E-01 6.98641E-03 8.95667E-04 2.78829E-01 
1950 1550 3.06042E-01 7.00340E-03 8.90602E-04 2.78838E-01 
1950 1600 3.06034E-01 7.07169E-03 8.96222E-04 2.78782E-01 
1950 1650 3.06059E-01 6.99860E-03 8.95795E-04 2.78811E-01 
1950 1700 3.06027E-01 7.02177E-03 8.98943E-04 2.78786E-01 
1950 1750 3.06041E-01 6.94698E-03 8.97617E-04 2.78926E-01 
1950 1800 3.06072E-01 7.02865E-03 8.92600E-04 2.78792E-01 
1950 1850 3.06123E-01 7.11783E-03 8.90753E-04 2.78694E-01 
1950 1900 3.06089E-01 7.06641E-03 8.93068E-04 2.78777E-01 
1950 1950 3.05987E-01 6.96696E-03 8.96313E-04 2.78852E-01 
1950 2000 3.06037E-01 6.98354E-03 9.01596E-04 2.78853E-01 
1950 2050 3.06042E-01 7.09886E-03 8.95053E-04 2.78711E-01 
2000 800 3.06204E-01 7.33006E-03 9.05940E-04 2.78726E-01 
2000 850 3.06147E-01 7.20472E-03 9.04068E-04 2.78863E-01 
2000 900 3.06144E-01 7.29030E-03 9.01585E-04 2.78737E-01 
2000 950 3.06116E-01 7.34745E-03 9.05491E-04 2.78694E-01 
2000 1000 3.06140E-01 7.28147E-03 9.02868E-04 2.78773E-01 
2000 1050 3.06125E-01 7.31519E-03 9.01123E-04 2.78749E-01 
2000 1100 3.06145E-01 7.18401E-03 9.05193E-04 2.78884E-01 
2000 1150 3.06217E-01 7.27507E-03 9.11356E-04 2.78784E-01 
2000 1200 3.06092E-01 7.18594E-03 9.03570E-04 2.78877E-01 
2000 1250 3.06056E-01 7.27132E-03 9.08504E-04 2.78785E-01 
2000 1300 3.06145E-01 7.34560E-03 9.09576E-04 2.78660E-01 
2000 1350 3.06093E-01 7.26843E-03 9.06562E-04 2.78798E-01 
2000 1400 3.06192E-01 7.36310E-03 9.04601E-04 2.78700E-01 
2000 1450 3.06182E-01 7.30816E-03 9.11495E-04 2.78719E-01 
2000 1500 3.06094E-01 7.14945E-03 9.03572E-04 2.78912E-01 
2000 1550 3.06126E-01 7.30358E-03 9.05686E-04 2.78746E-01 
2000 1600 3.06094E-01 7.25150E-03 9.00611E-04 2.78801E-01 
2000 1650 3.06267E-01 7.27318E-03 9.01446E-04 2.78761E-01 
2000 1700 3.06112E-01 7.37937E-03 9.11059E-04 2.78641E-01 
2000 1750 3.06164E-01 7.27889E-03 8.99984E-04 2.78750E-01 
2000 1800 3.06083E-01 7.32251E-03 9.16747E-04 2.78713E-01 
2000 1850 3.06146E-01 7.35006E-03 8.95465E-04 2.78656E-01 
2000 1900 3.06151E-01 7.29458E-03 9.01021E-04 2.78776E-01 
2000 1950 3.06121E-01 7.35029E-03 9.10576E-04 2.78710E-01 
2000 2000 3.06116E-01 7.27021E-03 9.05492E-04 2.78776E-01 
2000 2050 3.06140E-01 7.28753E-03 9.03317E-04 2.78753E-01 
2050 800 3.06168E-01 7.49941E-03 8.99800E-04 2.78747E-01 
2050 850 3.06201E-01 7.46170E-03 8.99098E-04 2.78759E-01 
2050 900 3.06160E-01 7.56456E-03 9.09248E-04 2.78704E-01 
2050 950 3.06141E-01 7.51564E-03 9.12582E-04 2.78729E-01 
2050 1000 3.06131E-01 7.47345E-03 9.12164E-04 2.78793E-01 
2050 1050 3.06200E-01 7.58438E-03 9.05870E-04 2.78686E-01 
2050 1100 3.06186E-01 7.50981E-03 8.95849E-04 2.78691E-01 
2050 1150 3.06221E-01 7.53941E-03 9.09599E-04 2.78719E-01 
2050 1200 3.06121E-01 7.43854E-03 9.01777E-04 2.78814E-01 
2050 1250 3.06206E-01 7.51196E-03 9.09317E-04 2.78775E-01 
2050 1300 3.06181E-01 7.49590E-03 8.90534E-04 2.78746E-01 
2050 1350 3.06126E-01 7.49930E-03 9.16476E-04 2.78768E-01 
2050 1400 3.06193E-01 7.57105E-03 9.07971E-04 2.78666E-01 
2050 1450 3.06192E-01 7.63398E-03 9.00830E-04 2.78590E-01 
2050 1500 3.06142E-01 7.53159E-03 9.13604E-04 2.78744E-01 
2050 1550 3.06119E-01 7.39960E-03 9.11606E-04 2.78812E-01 
2050 1600 3.06038E-01 7.42758E-03 9.02420E-04 2.78868E-01 
2050 1650 3.06149E-01 7.47548E-03 9.05263E-04 2.78736E-01 
2050 1700 3.06096E-01 7.48022E-03 8.95925E-04 2.78763E-01 
2050 1750 3.06203E-01 7.41018E-03 9.03637E-04 2.78866E-01 
2050 1800 3.06135E-01 7.60773E-03 9.06281E-04 2.78588E-01 
2050 1850 3.06101E-01 7.61283E-03 9.07457E-04 2.78580E-01 
2050 1900 3.06213E-01 7.52817E-03 9.06726E-04 2.78693E-01 
2050 1950 3.06122E-01 7.55611E-03 9.05980E-04 2.78705E-01 
2050 2000 3.06105E-01 7.49982E-03 9.03299E-04 2.78795E-01 
2050 2050 3.06158E-01 7.56721E-03 9.00847E-04 2.78686E-01 
