800 2.43634E+00 2.43620E+00 
850 2.43635E+00 2.43620E+00 
900 2.43637E+00 2.43620E+00 
950 2.43637E+00 2.43620E+00 
1000 2.43636E+00 2.43620E+00 
1050 2.43637E+00 2.43620E+00 
1100 2.43639E+00 2.43620E+00 
1150 2.43640E+00 2.43620E+00 
1200 2.43640E+00 2.43620E+00 
1250 2.43642E+00 2.43620E+00 
1300 2.43642E+00 2.43620E+00 
1350 2.43643E+00 2.43620E+00 
1400 2.43643E+00 2.43620E+00 
1450 2.43645E+00 2.43620E+00 
1500 2.43645E+00 2.43620E+00 
1550 2.43644E+00 2.43620E+00 
1600 2.43645E+00 2.43620E+00 
1650 2.43648E+00 2.43620E+00 
1700 2.43649E+00 2.43620E+00 
1750 2.43650E+00 2.43620E+00 
1800 2.43652E+00 2.43620E+00 
1850 2.43652E+00 2.43620E+00 
1900 2.43651E+00 2.43620E+00 
1950 2.43653E+00 2.43620E+00 
2000 2.43655E+00 2.43620E+00 
