800 1.41253E-42 3.55583E-42 
850 1.40805E-42 3.51979E-42 
900 1.40613E-42 3.47793E-42 
950 1.39978E-42 3.43820E-42 
1000 1.40021E-42 3.40338E-42 
1050 1.39686E-42 3.35826E-42 
1100 1.39453E-42 3.31580E-42 
1150 1.39518E-42 3.30148E-42 
1200 1.38962E-42 3.25912E-42 
1250 1.38645E-42 3.22144E-42 
1300 1.38317E-42 3.18074E-42 
1350 1.38103E-42 3.14290E-42 
1400 1.37740E-42 3.10576E-42 
1450 1.37426E-42 3.06910E-42 
1500 1.37346E-42 3.03961E-42 
1550 1.37112E-42 3.00516E-42 
1600 1.36772E-42 2.97767E-42 
1650 1.36424E-42 2.94226E-42 
1700 1.36051E-42 2.90193E-42 
1750 1.35827E-42 2.89223E-42 
1800 1.35504E-42 2.84714E-42 
1850 1.35194E-42 2.82661E-42 
1900 1.35082E-42 2.79279E-42 
1950 1.34923E-42 2.76061E-42 
2000 1.34658E-42 2.74346E-42 
