800 1.19437E+02 1.10177E+01 
850 1.19018E+02 1.10054E+01 
900 1.19715E+02 1.09430E+01 
950 1.19225E+02 1.08495E+01 
1000 1.19050E+02 1.09279E+01 
1050 1.18929E+02 1.08425E+01 
1100 1.18664E+02 1.08723E+01 
1150 1.18934E+02 1.08030E+01 
1200 1.18854E+02 1.07752E+01 
1250 1.18677E+02 1.06725E+01 
1300 1.18383E+02 1.06243E+01 
1350 1.18415E+02 1.06798E+01 
1400 1.18640E+02 1.06420E+01 
1450 1.18366E+02 1.05699E+01 
1500 1.18495E+02 1.06046E+01 
1550 1.18189E+02 1.05634E+01 
1600 1.18239E+02 1.06088E+01 
1650 1.17979E+02 1.05802E+01 
1700 1.18305E+02 1.05277E+01 
1750 1.17913E+02 1.04964E+01 
1800 1.17689E+02 1.05006E+01 
1850 1.18051E+02 1.04807E+01 
1900 1.17757E+02 1.04780E+01 
1950 1.17866E+02 1.04545E+01 
2000 1.17559E+02 1.04256E+01 
