800 800 1.19437E+02 1.10177E+01 
800 850 1.19265E+02 1.08941E+01 
800 900 1.19406E+02 1.09633E+01 
800 950 1.19483E+02 1.10088E+01 
800 1000 1.19526E+02 1.10679E+01 
800 1050 1.19565E+02 1.09028E+01 
800 1100 1.19319E+02 1.09598E+01 
800 1150 1.19610E+02 1.10252E+01 
800 1200 1.19570E+02 1.09554E+01 
800 1250 1.19483E+02 1.10299E+01 
800 1300 1.19757E+02 1.10807E+01 
800 1350 1.19901E+02 1.09667E+01 
800 1400 1.19225E+02 1.10233E+01 
800 1450 1.19752E+02 1.09568E+01 
800 1500 1.19427E+02 1.09090E+01 
800 1550 1.19439E+02 1.10557E+01 
800 1600 1.19550E+02 1.10317E+01 
800 1650 1.19423E+02 1.10279E+01 
800 1700 1.19565E+02 1.09317E+01 
800 1750 1.19197E+02 1.09989E+01 
800 1800 1.19401E+02 1.09958E+01 
800 1850 1.19703E+02 1.09506E+01 
800 1900 1.19580E+02 1.09635E+01 
800 1950 1.19560E+02 1.10709E+01 
800 2000 1.19509E+02 1.10469E+01 
800 2050 1.19486E+02 1.09925E+01 
850 800 1.19295E+02 1.09365E+01 
850 850 1.19018E+02 1.10054E+01 
850 900 1.19440E+02 1.09970E+01 
850 950 1.19617E+02 1.09646E+01 
850 1000 1.19591E+02 1.10004E+01 
850 1050 1.19370E+02 1.09058E+01 
850 1100 1.19406E+02 1.09910E+01 
850 1150 1.19422E+02 1.09483E+01 
850 1200 1.19540E+02 1.09482E+01 
850 1250 1.19394E+02 1.09406E+01 
850 1300 1.19255E+02 1.10091E+01 
850 1350 1.19413E+02 1.09587E+01 
850 1400 1.19763E+02 1.08748E+01 
850 1450 1.19639E+02 1.09885E+01 
850 1500 1.19308E+02 1.10023E+01 
850 1550 1.19492E+02 1.09291E+01 
850 1600 1.19609E+02 1.09225E+01 
850 1650 1.19319E+02 1.09666E+01 
850 1700 1.19549E+02 1.09681E+01 
850 1750 1.19451E+02 1.09826E+01 
850 1800 1.19345E+02 1.09417E+01 
850 1850 1.19483E+02 1.08981E+01 
850 1900 1.19508E+02 1.09675E+01 
850 1950 1.19506E+02 1.09504E+01 
850 2000 1.19252E+02 1.09722E+01 
850 2050 1.19361E+02 1.09670E+01 
900 800 1.19195E+02 1.08996E+01 
900 850 1.19105E+02 1.08506E+01 
900 900 1.19715E+02 1.09430E+01 
900 950 1.19403E+02 1.09047E+01 
900 1000 1.19468E+02 1.09517E+01 
900 1050 1.19194E+02 1.09316E+01 
900 1100 1.19243E+02 1.09385E+01 
900 1150 1.19335E+02 1.09251E+01 
900 1200 1.19032E+02 1.08838E+01 
900 1250 1.19289E+02 1.09339E+01 
900 1300 1.19242E+02 1.08680E+01 
900 1350 1.19321E+02 1.08911E+01 
900 1400 1.19389E+02 1.08783E+01 
900 1450 1.19008E+02 1.09266E+01 
900 1500 1.19535E+02 1.09540E+01 
900 1550 1.19216E+02 1.10209E+01 
900 1600 1.19264E+02 1.09081E+01 
900 1650 1.19339E+02 1.08916E+01 
900 1700 1.19342E+02 1.09076E+01 
900 1750 1.19173E+02 1.08964E+01 
900 1800 1.19046E+02 1.09419E+01 
900 1850 1.19410E+02 1.08241E+01 
900 1900 1.19233E+02 1.09203E+01 
900 1950 1.19213E+02 1.09257E+01 
900 2000 1.19290E+02 1.08490E+01 
900 2050 1.19583E+02 1.09605E+01 
950 800 1.18715E+02 1.08857E+01 
950 850 1.19388E+02 1.08773E+01 
950 900 1.19049E+02 1.09017E+01 
950 950 1.19225E+02 1.08495E+01 
950 1000 1.19137E+02 1.08938E+01 
950 1050 1.18894E+02 1.08902E+01 
950 1100 1.19375E+02 1.08434E+01 
950 1150 1.19121E+02 1.09493E+01 
950 1200 1.18966E+02 1.08868E+01 
950 1250 1.19212E+02 1.08459E+01 
950 1300 1.19093E+02 1.08783E+01 
950 1350 1.19410E+02 1.08317E+01 
950 1400 1.19390E+02 1.09531E+01 
950 1450 1.19379E+02 1.08476E+01 
950 1500 1.19218E+02 1.08630E+01 
950 1550 1.19229E+02 1.08177E+01 
950 1600 1.19172E+02 1.09162E+01 
950 1650 1.19457E+02 1.08264E+01 
950 1700 1.19320E+02 1.09454E+01 
950 1750 1.19200E+02 1.09251E+01 
950 1800 1.19168E+02 1.08664E+01 
950 1850 1.19220E+02 1.09223E+01 
950 1900 1.19163E+02 1.08600E+01 
950 1950 1.19283E+02 1.08692E+01 
950 2000 1.19225E+02 1.08446E+01 
950 2050 1.18995E+02 1.08710E+01 
1000 800 1.19051E+02 1.07887E+01 
1000 850 1.18966E+02 1.09013E+01 
1000 900 1.19382E+02 1.07688E+01 
1000 950 1.18992E+02 1.08534E+01 
1000 1000 1.19050E+02 1.09279E+01 
1000 1050 1.18864E+02 1.09047E+01 
1000 1100 1.19191E+02 1.07789E+01 
1000 1150 1.19049E+02 1.09060E+01 
1000 1200 1.18832E+02 1.09056E+01 
1000 1250 1.19171E+02 1.09109E+01 
1000 1300 1.19051E+02 1.08626E+01 
1000 1350 1.19124E+02 1.09715E+01 
1000 1400 1.19097E+02 1.07680E+01 
1000 1450 1.19168E+02 1.08529E+01 
1000 1500 1.19267E+02 1.09141E+01 
1000 1550 1.19074E+02 1.09019E+01 
1000 1600 1.19019E+02 1.08491E+01 
1000 1650 1.19153E+02 1.08105E+01 
1000 1700 1.19061E+02 1.07564E+01 
1000 1750 1.19004E+02 1.08491E+01 
1000 1800 1.19060E+02 1.08290E+01 
1000 1850 1.19219E+02 1.08472E+01 
1000 1900 1.19155E+02 1.08627E+01 
1000 1950 1.19169E+02 1.08898E+01 
1000 2000 1.19158E+02 1.08308E+01 
1000 2050 1.18982E+02 1.08267E+01 
1050 800 1.19100E+02 1.08035E+01 
1050 850 1.18876E+02 1.08023E+01 
1050 900 1.19062E+02 1.08659E+01 
1050 950 1.19001E+02 1.09176E+01 
1050 1000 1.18962E+02 1.08752E+01 
1050 1050 1.18929E+02 1.08425E+01 
1050 1100 1.18854E+02 1.08794E+01 
1050 1150 1.18978E+02 1.07999E+01 
1050 1200 1.18987E+02 1.07243E+01 
1050 1250 1.18927E+02 1.08584E+01 
1050 1300 1.19013E+02 1.08416E+01 
1050 1350 1.19200E+02 1.08055E+01 
1050 1400 1.18953E+02 1.07488E+01 
1050 1450 1.19026E+02 1.07831E+01 
1050 1500 1.18965E+02 1.07978E+01 
1050 1550 1.19006E+02 1.08712E+01 
1050 1600 1.18913E+02 1.08063E+01 
1050 1650 1.18870E+02 1.08585E+01 
1050 1700 1.18850E+02 1.08661E+01 
1050 1750 1.19082E+02 1.08606E+01 
1050 1800 1.19041E+02 1.08249E+01 
1050 1850 1.19135E+02 1.08659E+01 
1050 1900 1.18840E+02 1.08104E+01 
1050 1950 1.19029E+02 1.08382E+01 
1050 2000 1.19191E+02 1.08104E+01 
1050 2050 1.19010E+02 1.08122E+01 
1100 800 1.19080E+02 1.07376E+01 
1100 850 1.18870E+02 1.08242E+01 
1100 900 1.18985E+02 1.08106E+01 
1100 950 1.18766E+02 1.08494E+01 
1100 1000 1.18967E+02 1.08392E+01 
1100 1050 1.18576E+02 1.07796E+01 
1100 1100 1.18664E+02 1.08723E+01 
1100 1150 1.18791E+02 1.07820E+01 
1100 1200 1.18845E+02 1.08217E+01 
1100 1250 1.18870E+02 1.08400E+01 
1100 1300 1.19084E+02 1.08356E+01 
1100 1350 1.18632E+02 1.08407E+01 
1100 1400 1.19247E+02 1.07932E+01 
1100 1450 1.19122E+02 1.07413E+01 
1100 1500 1.18987E+02 1.08207E+01 
1100 1550 1.18929E+02 1.08039E+01 
1100 1600 1.18845E+02 1.08022E+01 
1100 1650 1.18813E+02 1.07947E+01 
1100 1700 1.18876E+02 1.08093E+01 
1100 1750 1.18974E+02 1.08451E+01 
1100 1800 1.19029E+02 1.07532E+01 
1100 1850 1.18999E+02 1.08020E+01 
1100 1900 1.18980E+02 1.07252E+01 
1100 1950 1.18826E+02 1.08151E+01 
1100 2000 1.18729E+02 1.07760E+01 
1100 2050 1.19058E+02 1.07774E+01 
1150 800 1.18722E+02 1.07732E+01 
1150 850 1.18468E+02 1.07856E+01 
1150 900 1.18937E+02 1.07216E+01 
1150 950 1.18850E+02 1.08413E+01 
1150 1000 1.19062E+02 1.08386E+01 
1150 1050 1.18897E+02 1.08099E+01 
1150 1100 1.18993E+02 1.07785E+01 
1150 1150 1.18934E+02 1.08030E+01 
1150 1200 1.18708E+02 1.07469E+01 
1150 1250 1.18627E+02 1.06900E+01 
1150 1300 1.19024E+02 1.07121E+01 
1150 1350 1.18521E+02 1.08332E+01 
1150 1400 1.19149E+02 1.08121E+01 
1150 1450 1.19126E+02 1.06921E+01 
1150 1500 1.18735E+02 1.07139E+01 
1150 1550 1.19217E+02 1.08589E+01 
1150 1600 1.18588E+02 1.07567E+01 
1150 1650 1.18928E+02 1.07838E+01 
1150 1700 1.18886E+02 1.07347E+01 
1150 1750 1.18914E+02 1.08214E+01 
1150 1800 1.18600E+02 1.07649E+01 
1150 1850 1.18810E+02 1.07069E+01 
1150 1900 1.18998E+02 1.08068E+01 
1150 1950 1.18936E+02 1.07660E+01 
1150 2000 1.19071E+02 1.06993E+01 
1150 2050 1.18714E+02 1.07468E+01 
1200 800 1.18783E+02 1.07345E+01 
1200 850 1.18572E+02 1.06980E+01 
1200 900 1.18597E+02 1.07868E+01 
1200 950 1.18886E+02 1.07530E+01 
1200 1000 1.18431E+02 1.07779E+01 
1200 1050 1.18853E+02 1.07430E+01 
1200 1100 1.18818E+02 1.07337E+01 
1200 1150 1.18855E+02 1.07801E+01 
1200 1200 1.18854E+02 1.07752E+01 
1200 1250 1.18871E+02 1.06780E+01 
1200 1300 1.18868E+02 1.07029E+01 
1200 1350 1.18877E+02 1.07366E+01 
1200 1400 1.18545E+02 1.07075E+01 
1200 1450 1.18674E+02 1.07461E+01 
1200 1500 1.18912E+02 1.07283E+01 
1200 1550 1.18813E+02 1.08250E+01 
1200 1600 1.18669E+02 1.07216E+01 
1200 1650 1.18687E+02 1.07594E+01 
1200 1700 1.18719E+02 1.07790E+01 
1200 1750 1.18819E+02 1.07501E+01 
1200 1800 1.18623E+02 1.07394E+01 
1200 1850 1.18553E+02 1.07521E+01 
1200 1900 1.18885E+02 1.07222E+01 
1200 1950 1.18963E+02 1.07154E+01 
1200 2000 1.18874E+02 1.07300E+01 
1200 2050 1.19086E+02 1.06782E+01 
1250 800 1.18484E+02 1.07316E+01 
1250 850 1.18608E+02 1.07248E+01 
1250 900 1.18516E+02 1.07089E+01 
1250 950 1.18573E+02 1.07059E+01 
1250 1000 1.18709E+02 1.06721E+01 
1250 1050 1.18743E+02 1.07195E+01 
1250 1100 1.18787E+02 1.07371E+01 
1250 1150 1.18434E+02 1.07452E+01 
1250 1200 1.18447E+02 1.07303E+01 
1250 1250 1.18677E+02 1.06725E+01 
1250 1300 1.18493E+02 1.07288E+01 
1250 1350 1.18683E+02 1.07635E+01 
1250 1400 1.18742E+02 1.07448E+01 
1250 1450 1.18675E+02 1.06978E+01 
1250 1500 1.18647E+02 1.06925E+01 
1250 1550 1.18662E+02 1.07190E+01 
1250 1600 1.18555E+02 1.06937E+01 
1250 1650 1.18509E+02 1.06665E+01 
1250 1700 1.18558E+02 1.07711E+01 
1250 1750 1.18402E+02 1.06878E+01 
1250 1800 1.18495E+02 1.07016E+01 
1250 1850 1.18386E+02 1.07023E+01 
1250 1900 1.18513E+02 1.06993E+01 
1250 1950 1.18791E+02 1.06589E+01 
1250 2000 1.18842E+02 1.07290E+01 
1250 2050 1.18612E+02 1.07599E+01 
1300 800 1.18718E+02 1.06701E+01 
1300 850 1.18505E+02 1.07139E+01 
1300 900 1.18667E+02 1.06573E+01 
1300 950 1.18271E+02 1.07667E+01 
1300 1000 1.18591E+02 1.07376E+01 
1300 1050 1.18514E+02 1.06678E+01 
1300 1100 1.18250E+02 1.06978E+01 
1300 1150 1.18514E+02 1.07506E+01 
1300 1200 1.18504E+02 1.07178E+01 
1300 1250 1.18962E+02 1.06885E+01 
1300 1300 1.18383E+02 1.06243E+01 
1300 1350 1.18690E+02 1.07406E+01 
1300 1400 1.18540E+02 1.07504E+01 
1300 1450 1.18342E+02 1.06550E+01 
1300 1500 1.18511E+02 1.07300E+01 
1300 1550 1.18577E+02 1.06616E+01 
1300 1600 1.18721E+02 1.07317E+01 
1300 1650 1.18569E+02 1.07122E+01 
1300 1700 1.18374E+02 1.07021E+01 
1300 1750 1.18512E+02 1.07007E+01 
1300 1800 1.18579E+02 1.06929E+01 
1300 1850 1.18507E+02 1.06807E+01 
1300 1900 1.18624E+02 1.07020E+01 
1300 1950 1.18446E+02 1.07232E+01 
1300 2000 1.18418E+02 1.06364E+01 
1300 2050 1.18774E+02 1.06944E+01 
1350 800 1.18565E+02 1.06439E+01 
1350 850 1.18403E+02 1.06817E+01 
1350 900 1.18480E+02 1.06348E+01 
1350 950 1.18679E+02 1.06565E+01 
1350 1000 1.18640E+02 1.06394E+01 
1350 1050 1.18591E+02 1.06674E+01 
1350 1100 1.18565E+02 1.06685E+01 
1350 1150 1.18349E+02 1.06370E+01 
1350 1200 1.18485E+02 1.07036E+01 
1350 1250 1.18359E+02 1.07161E+01 
1350 1300 1.18515E+02 1.07190E+01 
1350 1350 1.18415E+02 1.06798E+01 
1350 1400 1.18410E+02 1.06525E+01 
1350 1450 1.18672E+02 1.06359E+01 
1350 1500 1.18359E+02 1.07375E+01 
1350 1550 1.18470E+02 1.06347E+01 
1350 1600 1.18242E+02 1.06224E+01 
1350 1650 1.18362E+02 1.07056E+01 
1350 1700 1.18450E+02 1.05995E+01 
1350 1750 1.18535E+02 1.06536E+01 
1350 1800 1.18380E+02 1.06594E+01 
1350 1850 1.18568E+02 1.06461E+01 
1350 1900 1.18681E+02 1.07012E+01 
1350 1950 1.18579E+02 1.06773E+01 
1350 2000 1.18328E+02 1.06899E+01 
1350 2050 1.18541E+02 1.06402E+01 
1400 800 1.18312E+02 1.06054E+01 
1400 850 1.18477E+02 1.06435E+01 
1400 900 1.18580E+02 1.05987E+01 
1400 950 1.18595E+02 1.06492E+01 
1400 1000 1.18313E+02 1.06115E+01 
1400 1050 1.18366E+02 1.06809E+01 
1400 1100 1.18349E+02 1.06485E+01 
1400 1150 1.18567E+02 1.05948E+01 
1400 1200 1.18375E+02 1.06464E+01 
1400 1250 1.18466E+02 1.06802E+01 
1400 1300 1.18273E+02 1.06797E+01 
1400 1350 1.18765E+02 1.07347E+01 
1400 1400 1.18640E+02 1.06420E+01 
1400 1450 1.18463E+02 1.07182E+01 
1400 1500 1.18604E+02 1.06451E+01 
1400 1550 1.18425E+02 1.06692E+01 
1400 1600 1.18570E+02 1.06355E+01 
1400 1650 1.18130E+02 1.06129E+01 
1400 1700 1.18424E+02 1.06339E+01 
1400 1750 1.18369E+02 1.05691E+01 
1400 1800 1.18456E+02 1.06402E+01 
1400 1850 1.18452E+02 1.06101E+01 
1400 1900 1.18465E+02 1.05278E+01 
1400 1950 1.18408E+02 1.07086E+01 
1400 2000 1.18382E+02 1.06107E+01 
1400 2050 1.18379E+02 1.06586E+01 
1450 800 1.18222E+02 1.06903E+01 
1450 850 1.18242E+02 1.05735E+01 
1450 900 1.18265E+02 1.05487E+01 
1450 950 1.18487E+02 1.06760E+01 
1450 1000 1.18249E+02 1.05814E+01 
1450 1050 1.18222E+02 1.06152E+01 
1450 1100 1.18198E+02 1.05960E+01 
1450 1150 1.18526E+02 1.06349E+01 
1450 1200 1.18257E+02 1.06857E+01 
1450 1250 1.18484E+02 1.06177E+01 
1450 1300 1.18767E+02 1.05983E+01 
1450 1350 1.18294E+02 1.07464E+01 
1450 1400 1.18520E+02 1.06447E+01 
1450 1450 1.18366E+02 1.05699E+01 
1450 1500 1.18302E+02 1.06280E+01 
1450 1550 1.18423E+02 1.06223E+01 
1450 1600 1.18316E+02 1.06107E+01 
1450 1650 1.18252E+02 1.06061E+01 
1450 1700 1.18162E+02 1.06152E+01 
1450 1750 1.18191E+02 1.05883E+01 
1450 1800 1.18247E+02 1.05741E+01 
1450 1850 1.18542E+02 1.06146E+01 
1450 1900 1.18316E+02 1.06518E+01 
1450 1950 1.18298E+02 1.06531E+01 
1450 2000 1.18386E+02 1.06256E+01 
1450 2050 1.18435E+02 1.06780E+01 
1500 800 1.18350E+02 1.06213E+01 
1500 850 1.18196E+02 1.06062E+01 
1500 900 1.18374E+02 1.05841E+01 
1500 950 1.18107E+02 1.06338E+01 
1500 1000 1.18251E+02 1.05653E+01 
1500 1050 1.18219E+02 1.05208E+01 
1500 1100 1.18601E+02 1.06085E+01 
1500 1150 1.18320E+02 1.06012E+01 
1500 1200 1.18357E+02 1.06671E+01 
1500 1250 1.18214E+02 1.06010E+01 
1500 1300 1.18292E+02 1.06562E+01 
1500 1350 1.18304E+02 1.06131E+01 
1500 1400 1.18085E+02 1.06515E+01 
1500 1450 1.18370E+02 1.05027E+01 
1500 1500 1.18495E+02 1.06046E+01 
1500 1550 1.18234E+02 1.06345E+01 
1500 1600 1.18413E+02 1.05311E+01 
1500 1650 1.18200E+02 1.06789E+01 
1500 1700 1.18473E+02 1.06083E+01 
1500 1750 1.18189E+02 1.06788E+01 
1500 1800 1.18400E+02 1.05361E+01 
1500 1850 1.18168E+02 1.05680E+01 
1500 1900 1.18249E+02 1.05918E+01 
1500 1950 1.18435E+02 1.06000E+01 
1500 2000 1.18275E+02 1.06162E+01 
1500 2050 1.18255E+02 1.06465E+01 
1550 800 1.18070E+02 1.05825E+01 
1550 850 1.18047E+02 1.05600E+01 
1550 900 1.18043E+02 1.05411E+01 
1550 950 1.18220E+02 1.06229E+01 
1550 1000 1.18408E+02 1.06367E+01 
1550 1050 1.18066E+02 1.06020E+01 
1550 1100 1.18175E+02 1.05891E+01 
1550 1150 1.18293E+02 1.06118E+01 
1550 1200 1.18189E+02 1.05297E+01 
1550 1250 1.18035E+02 1.06194E+01 
1550 1300 1.18131E+02 1.05887E+01 
1550 1350 1.18168E+02 1.06441E+01 
1550 1400 1.18044E+02 1.05954E+01 
1550 1450 1.18331E+02 1.05425E+01 
1550 1500 1.18054E+02 1.05496E+01 
1550 1550 1.18189E+02 1.05634E+01 
1550 1600 1.18001E+02 1.05659E+01 
1550 1650 1.18268E+02 1.04999E+01 
1550 1700 1.18407E+02 1.05993E+01 
1550 1750 1.18225E+02 1.05501E+01 
1550 1800 1.18083E+02 1.05380E+01 
1550 1850 1.18082E+02 1.04816E+01 
1550 1900 1.18430E+02 1.05738E+01 
1550 1950 1.18066E+02 1.05802E+01 
1550 2000 1.18106E+02 1.05710E+01 
1550 2050 1.18177E+02 1.05002E+01 
1600 800 1.18020E+02 1.05746E+01 
1600 850 1.18156E+02 1.05763E+01 
1600 900 1.17768E+02 1.06352E+01 
1600 950 1.17817E+02 1.05836E+01 
1600 1000 1.18126E+02 1.06293E+01 
1600 1050 1.18270E+02 1.06045E+01 
1600 1100 1.18088E+02 1.05958E+01 
1600 1150 1.18237E+02 1.05634E+01 
1600 1200 1.18272E+02 1.05410E+01 
1600 1250 1.18287E+02 1.05497E+01 
1600 1300 1.18311E+02 1.05710E+01 
1600 1350 1.18083E+02 1.05597E+01 
1600 1400 1.18304E+02 1.05744E+01 
1600 1450 1.18238E+02 1.05710E+01 
1600 1500 1.17964E+02 1.05818E+01 
1600 1550 1.18212E+02 1.05264E+01 
1600 1600 1.18239E+02 1.06088E+01 
1600 1650 1.18268E+02 1.05469E+01 
1600 1700 1.18251E+02 1.05693E+01 
1600 1750 1.18104E+02 1.05441E+01 
1600 1800 1.18072E+02 1.05718E+01 
1600 1850 1.18224E+02 1.05364E+01 
1600 1900 1.18199E+02 1.05927E+01 
1600 1950 1.18276E+02 1.06428E+01 
1600 2000 1.18036E+02 1.05156E+01 
1600 2050 1.18073E+02 1.04749E+01 
1650 800 1.17780E+02 1.05950E+01 
1650 850 1.17920E+02 1.05015E+01 
1650 900 1.18096E+02 1.05720E+01 
1650 950 1.18132E+02 1.05798E+01 
1650 1000 1.18057E+02 1.05305E+01 
1650 1050 1.17855E+02 1.05424E+01 
1650 1100 1.18002E+02 1.05190E+01 
1650 1150 1.18159E+02 1.05285E+01 
1650 1200 1.17899E+02 1.05347E+01 
1650 1250 1.18034E+02 1.05509E+01 
1650 1300 1.17960E+02 1.05352E+01 
1650 1350 1.17993E+02 1.05426E+01 
1650 1400 1.18038E+02 1.05416E+01 
1650 1450 1.18208E+02 1.05698E+01 
1650 1500 1.18306E+02 1.05693E+01 
1650 1550 1.18156E+02 1.05437E+01 
1650 1600 1.18132E+02 1.04789E+01 
1650 1650 1.17979E+02 1.05802E+01 
1650 1700 1.17929E+02 1.04794E+01 
1650 1750 1.17943E+02 1.05427E+01 
1650 1800 1.17940E+02 1.04905E+01 
1650 1850 1.18079E+02 1.05379E+01 
1650 1900 1.18076E+02 1.05585E+01 
1650 1950 1.17830E+02 1.04945E+01 
1650 2000 1.18086E+02 1.05576E+01 
1650 2050 1.18126E+02 1.04974E+01 
1700 800 1.17730E+02 1.05152E+01 
1700 850 1.18000E+02 1.05090E+01 
1700 900 1.17926E+02 1.05237E+01 
1700 950 1.17973E+02 1.05526E+01 
1700 1000 1.18065E+02 1.05527E+01 
1700 1050 1.18142E+02 1.05236E+01 
1700 1100 1.17957E+02 1.05520E+01 
1700 1150 1.18200E+02 1.05347E+01 
1700 1200 1.18051E+02 1.04405E+01 
1700 1250 1.17950E+02 1.05696E+01 
1700 1300 1.17839E+02 1.04852E+01 
1700 1350 1.18388E+02 1.05317E+01 
1700 1400 1.18070E+02 1.05138E+01 
1700 1450 1.18223E+02 1.05349E+01 
1700 1500 1.17995E+02 1.04547E+01 
1700 1550 1.17939E+02 1.05126E+01 
1700 1600 1.18033E+02 1.04986E+01 
1700 1650 1.18028E+02 1.05386E+01 
1700 1700 1.18305E+02 1.05277E+01 
1700 1750 1.18188E+02 1.04975E+01 
1700 1800 1.17824E+02 1.04938E+01 
1700 1850 1.17978E+02 1.04758E+01 
1700 1900 1.18164E+02 1.05311E+01 
1700 1950 1.18079E+02 1.05529E+01 
1700 2000 1.17870E+02 1.05451E+01 
1700 2050 1.18032E+02 1.05135E+01 
1750 800 1.17896E+02 1.04945E+01 
1750 850 1.17930E+02 1.04705E+01 
1750 900 1.17785E+02 1.05195E+01 
1750 950 1.18045E+02 1.04601E+01 
1750 1000 1.17713E+02 1.05221E+01 
1750 1050 1.17877E+02 1.04345E+01 
1750 1100 1.17837E+02 1.05341E+01 
1750 1150 1.17983E+02 1.05214E+01 
1750 1200 1.18132E+02 1.05169E+01 
1750 1250 1.17743E+02 1.05158E+01 
1750 1300 1.17930E+02 1.04751E+01 
1750 1350 1.18228E+02 1.05576E+01 
1750 1400 1.18161E+02 1.04683E+01 
1750 1450 1.18070E+02 1.05551E+01 
1750 1500 1.17746E+02 1.04862E+01 
1750 1550 1.17867E+02 1.04813E+01 
1750 1600 1.17945E+02 1.05157E+01 
1750 1650 1.17936E+02 1.05721E+01 
1750 1700 1.17848E+02 1.05574E+01 
1750 1750 1.17913E+02 1.04964E+01 
1750 1800 1.17878E+02 1.05074E+01 
1750 1850 1.17803E+02 1.05076E+01 
1750 1900 1.18120E+02 1.04819E+01 
1750 1950 1.17845E+02 1.04950E+01 
1750 2000 1.17987E+02 1.04031E+01 
1750 2050 1.17828E+02 1.05227E+01 
1800 800 1.17880E+02 1.04386E+01 
1800 850 1.17810E+02 1.04317E+01 
1800 900 1.17674E+02 1.05887E+01 
1800 950 1.17822E+02 1.04659E+01 
1800 1000 1.18033E+02 1.04545E+01 
1800 1050 1.18009E+02 1.04476E+01 
1800 1100 1.17669E+02 1.04413E+01 
1800 1150 1.18009E+02 1.04859E+01 
1800 1200 1.17971E+02 1.04609E+01 
1800 1250 1.17832E+02 1.04385E+01 
1800 1300 1.17657E+02 1.04711E+01 
1800 1350 1.17953E+02 1.04612E+01 
1800 1400 1.17933E+02 1.04591E+01 
1800 1450 1.17981E+02 1.04912E+01 
1800 1500 1.17836E+02 1.04656E+01 
1800 1550 1.18047E+02 1.04969E+01 
1800 1600 1.17890E+02 1.05055E+01 
1800 1650 1.18026E+02 1.04728E+01 
1800 1700 1.17837E+02 1.04608E+01 
1800 1750 1.18051E+02 1.04412E+01 
1800 1800 1.17689E+02 1.05006E+01 
1800 1850 1.18218E+02 1.04585E+01 
1800 1900 1.17999E+02 1.04346E+01 
1800 1950 1.17837E+02 1.04694E+01 
1800 2000 1.18007E+02 1.04359E+01 
1800 2050 1.17926E+02 1.04317E+01 
1850 800 1.17692E+02 1.04391E+01 
1850 850 1.17821E+02 1.04689E+01 
1850 900 1.17794E+02 1.04832E+01 
1850 950 1.17804E+02 1.04754E+01 
1850 1000 1.17835E+02 1.04415E+01 
1850 1050 1.17652E+02 1.04567E+01 
1850 1100 1.17764E+02 1.04819E+01 
1850 1150 1.17719E+02 1.04610E+01 
1850 1200 1.17810E+02 1.05221E+01 
1850 1250 1.17804E+02 1.05198E+01 
1850 1300 1.17564E+02 1.05214E+01 
1850 1350 1.17688E+02 1.04985E+01 
1850 1400 1.17581E+02 1.04856E+01 
1850 1450 1.17811E+02 1.04401E+01 
1850 1500 1.17792E+02 1.04155E+01 
1850 1550 1.17992E+02 1.03956E+01 
1850 1600 1.18165E+02 1.03905E+01 
1850 1650 1.17625E+02 1.04940E+01 
1850 1700 1.17997E+02 1.04477E+01 
1850 1750 1.17726E+02 1.03974E+01 
1850 1800 1.18001E+02 1.04717E+01 
1850 1850 1.18051E+02 1.04807E+01 
1850 1900 1.17766E+02 1.04773E+01 
1850 1950 1.18000E+02 1.04989E+01 
1850 2000 1.17770E+02 1.04633E+01 
1850 2050 1.17901E+02 1.04849E+01 
1900 800 1.17700E+02 1.04368E+01 
1900 850 1.17695E+02 1.04374E+01 
1900 900 1.17572E+02 1.04390E+01 
1900 950 1.17688E+02 1.04956E+01 
1900 1000 1.17666E+02 1.04003E+01 
1900 1050 1.17640E+02 1.04784E+01 
1900 1100 1.17735E+02 1.04070E+01 
1900 1150 1.17857E+02 1.04715E+01 
1900 1200 1.17760E+02 1.04805E+01 
1900 1250 1.17722E+02 1.04181E+01 
1900 1300 1.17909E+02 1.04536E+01 
1900 1350 1.17956E+02 1.04213E+01 
1900 1400 1.17697E+02 1.04870E+01 
1900 1450 1.17842E+02 1.04694E+01 
1900 1500 1.17678E+02 1.03853E+01 
1900 1550 1.17729E+02 1.04132E+01 
1900 1600 1.17641E+02 1.04276E+01 
1900 1650 1.17670E+02 1.04605E+01 
1900 1700 1.17717E+02 1.04433E+01 
1900 1750 1.17925E+02 1.04225E+01 
1900 1800 1.17734E+02 1.04556E+01 
1900 1850 1.17883E+02 1.04404E+01 
1900 1900 1.17757E+02 1.04780E+01 
1900 1950 1.17683E+02 1.03905E+01 
1900 2000 1.17771E+02 1.04579E+01 
1900 2050 1.17856E+02 1.03883E+01 
1950 800 1.17698E+02 1.04459E+01 
1950 850 1.17603E+02 1.04353E+01 
1950 900 1.17743E+02 1.04690E+01 
1950 950 1.17665E+02 1.04450E+01 
1950 1000 1.17287E+02 1.04219E+01 
1950 1050 1.17692E+02 1.04146E+01 
1950 1100 1.17782E+02 1.03758E+01 
1950 1150 1.17819E+02 1.05042E+01 
1950 1200 1.17594E+02 1.04308E+01 
1950 1250 1.17687E+02 1.03986E+01 
1950 1300 1.17637E+02 1.04691E+01 
1950 1350 1.17443E+02 1.04302E+01 
1950 1400 1.17748E+02 1.03611E+01 
1950 1450 1.17840E+02 1.04590E+01 
1950 1500 1.17714E+02 1.04378E+01 
1950 1550 1.17674E+02 1.04035E+01 
1950 1600 1.17729E+02 1.04021E+01 
1950 1650 1.17613E+02 1.04078E+01 
1950 1700 1.17868E+02 1.04717E+01 
1950 1750 1.17898E+02 1.04521E+01 
1950 1800 1.17995E+02 1.04114E+01 
1950 1850 1.17634E+02 1.03876E+01 
1950 1900 1.17957E+02 1.04537E+01 
1950 1950 1.17866E+02 1.04545E+01 
1950 2000 1.17545E+02 1.04105E+01 
1950 2050 1.17797E+02 1.03596E+01 
2000 800 1.17697E+02 1.04235E+01 
2000 850 1.17623E+02 1.04463E+01 
2000 900 1.17332E+02 1.04470E+01 
2000 950 1.17732E+02 1.04582E+01 
2000 1000 1.17677E+02 1.03910E+01 
2000 1050 1.17659E+02 1.03892E+01 
2000 1100 1.17434E+02 1.03642E+01 
2000 1150 1.17709E+02 1.04275E+01 
2000 1200 1.17654E+02 1.04033E+01 
2000 1250 1.17598E+02 1.03861E+01 
2000 1300 1.17776E+02 1.03928E+01 
2000 1350 1.17431E+02 1.03391E+01 
2000 1400 1.17408E+02 1.03895E+01 
2000 1450 1.17590E+02 1.04008E+01 
2000 1500 1.17371E+02 1.04475E+01 
2000 1550 1.17594E+02 1.04552E+01 
2000 1600 1.17827E+02 1.04285E+01 
2000 1650 1.17651E+02 1.03853E+01 
2000 1700 1.17813E+02 1.04456E+01 
2000 1750 1.17521E+02 1.03972E+01 
2000 1800 1.17569E+02 1.04019E+01 
2000 1850 1.17749E+02 1.04004E+01 
2000 1900 1.17811E+02 1.03919E+01 
2000 1950 1.17662E+02 1.04027E+01 
2000 2000 1.17559E+02 1.04256E+01 
2000 2050 1.17694E+02 1.03873E+01 
2050 800 1.17624E+02 1.04031E+01 
2050 850 1.17840E+02 1.03748E+01 
2050 900 1.17597E+02 1.03725E+01 
2050 950 1.17640E+02 1.04578E+01 
2050 1000 1.17692E+02 1.04494E+01 
2050 1050 1.17877E+02 1.04004E+01 
2050 1100 1.17610E+02 1.03899E+01 
2050 1150 1.17470E+02 1.03525E+01 
2050 1200 1.17826E+02 1.04435E+01 
2050 1250 1.17709E+02 1.04235E+01 
2050 1300 1.17822E+02 1.03479E+01 
2050 1350 1.17643E+02 1.03920E+01 
2050 1400 1.17355E+02 1.04083E+01 
2050 1450 1.17618E+02 1.03645E+01 
2050 1500 1.17464E+02 1.03971E+01 
2050 1550 1.17592E+02 1.03751E+01 
2050 1600 1.17626E+02 1.03736E+01 
2050 1650 1.17723E+02 1.03956E+01 
2050 1700 1.17592E+02 1.03384E+01 
2050 1750 1.17771E+02 1.04263E+01 
2050 1800 1.17495E+02 1.03405E+01 
2050 1850 1.17961E+02 1.03115E+01 
2050 1900 1.17599E+02 1.03286E+01 
2050 1950 1.17664E+02 1.04345E+01 
2050 2000 1.17511E+02 1.04026E+01 
2050 2050 1.17560E+02 1.03940E+01 
