800 800 1.67545E-42 1.83991E-41 
800 850 1.67953E-42 1.86124E-41 
800 900 1.67542E-42 1.84675E-41 
800 950 1.67715E-42 1.84326E-41 
800 1000 1.67503E-42 1.83019E-41 
800 1050 1.67744E-42 1.86118E-41 
800 1100 1.67616E-42 1.84538E-41 
800 1150 1.67627E-42 1.84070E-41 
800 1200 1.67687E-42 1.85080E-41 
800 1250 1.67482E-42 1.83695E-41 
800 1300 1.67153E-42 1.82556E-41 
800 1350 1.67233E-42 1.84995E-41 
800 1400 1.67662E-42 1.83711E-41 
800 1450 1.67474E-42 1.85247E-41 
800 1500 1.67662E-42 1.85515E-41 
800 1550 1.25736E-42 1.37067E-41 
800 1600 1.25735E-42 1.37505E-41 
800 1650 1.25791E-42 1.37447E-41 
800 1700 1.25685E-42 1.38632E-41 
800 1750 1.25900E-42 1.37692E-41 
800 1800 1.25761E-42 1.37789E-41 
800 1850 1.25738E-42 1.38722E-41 
800 1900 1.25815E-42 1.38348E-41 
800 1950 1.25601E-42 1.36861E-41 
800 2000 1.25637E-42 1.37202E-41 
800 2050 1.25746E-42 1.37843E-41 
850 800 1.67833E-42 1.85106E-41 
850 850 1.67979E-42 1.83727E-41 
850 900 1.67401E-42 1.83955E-41 
850 950 1.67475E-42 1.84862E-41 
850 1000 1.67550E-42 1.84200E-41 
850 1050 1.67701E-42 1.85692E-41 
850 1100 1.67625E-42 1.84520E-41 
850 1150 1.67531E-42 1.85043E-41 
850 1200 1.67583E-42 1.85158E-41 
850 1250 1.67929E-42 1.85337E-41 
850 1300 1.67770E-42 1.83715E-41 
850 1350 1.67741E-42 1.85172E-41 
850 1400 1.67613E-42 1.86624E-41 
850 1450 1.67568E-42 1.84716E-41 
850 1500 1.67666E-42 1.83945E-41 
850 1550 1.25877E-42 1.38905E-41 
850 1600 1.25806E-42 1.39029E-41 
850 1650 1.25827E-42 1.38179E-41 
850 1700 1.25765E-42 1.38261E-41 
850 1750 1.25778E-42 1.38068E-41 
850 1800 1.25854E-42 1.38456E-41 
850 1850 1.25917E-42 1.39228E-41 
850 1900 1.25798E-42 1.38341E-41 
850 1950 1.26001E-42 1.38832E-41 
850 2000 1.25879E-42 1.38024E-41 
850 2050 1.25706E-42 1.38066E-41 
900 800 1.68231E-42 1.86344E-41 
900 850 1.68058E-42 1.86703E-41 
900 900 1.67385E-42 1.85404E-41 
900 950 1.67849E-42 1.86164E-41 
900 1000 1.67877E-42 1.85261E-41 
900 1050 1.67972E-42 1.85305E-41 
900 1100 1.67880E-42 1.85060E-41 
900 1150 1.67817E-42 1.85509E-41 
900 1200 1.68137E-42 1.86469E-41 
900 1250 1.67992E-42 1.85447E-41 
900 1300 1.68005E-42 1.86773E-41 
900 1350 1.67722E-42 1.85977E-41 
900 1400 1.67786E-42 1.86298E-41 
900 1450 1.68006E-42 1.85407E-41 
900 1500 1.67599E-42 1.85000E-41 
900 1550 1.25823E-42 1.37391E-41 
900 1600 1.26062E-42 1.39107E-41 
900 1650 1.25992E-42 1.39286E-41 
900 1700 1.26164E-42 1.39304E-41 
900 1750 1.26073E-42 1.39050E-41 
900 1800 1.26068E-42 1.38418E-41 
900 1850 1.26111E-42 1.40407E-41 
900 1900 1.26030E-42 1.38882E-41 
900 1950 1.26046E-42 1.38721E-41 
900 2000 1.26051E-42 1.39919E-41 
900 2050 1.25704E-42 1.38394E-41 
950 800 1.68306E-42 1.85842E-41 
950 850 1.68048E-42 1.86633E-41 
950 900 1.68023E-42 1.85523E-41 
950 950 1.68010E-42 1.87173E-41 
950 1000 1.68238E-42 1.86204E-41 
950 1050 1.68194E-42 1.85979E-41 
950 1100 1.67969E-42 1.87321E-41 
950 1150 1.67801E-42 1.84578E-41 
950 1200 1.68117E-42 1.85886E-41 
950 1250 1.68197E-42 1.87112E-41 
950 1300 1.67937E-42 1.86027E-41 
950 1350 1.67852E-42 1.87435E-41 
950 1400 1.67745E-42 1.85154E-41 
950 1450 1.67952E-42 1.87258E-41 
950 1500 1.68048E-42 1.86754E-41 
950 1550 1.26230E-42 1.40447E-41 
950 1600 1.26033E-42 1.38849E-41 
950 1650 1.25974E-42 1.40238E-41 
950 1700 1.25783E-42 1.38423E-41 
950 1750 1.25999E-42 1.38720E-41 
950 1800 1.26031E-42 1.39391E-41 
950 1850 1.26126E-42 1.38948E-41 
950 1900 1.26159E-42 1.39706E-41 
950 1950 1.25959E-42 1.39419E-41 
950 2000 1.26123E-42 1.39988E-41 
950 2050 1.26283E-42 1.39478E-41 
1000 800 1.68271E-42 1.87971E-41 
1000 850 1.68007E-42 1.85721E-41 
1000 900 1.68240E-42 1.88929E-41 
1000 950 1.68309E-42 1.86654E-41 
1000 1000 1.68343E-42 1.85751E-41 
1000 1050 1.68207E-42 1.85539E-41 
1000 1100 1.68192E-42 1.88274E-41 
1000 1150 1.68039E-42 1.85800E-41 
1000 1200 1.68040E-42 1.85313E-41 
1000 1250 1.67909E-42 1.85752E-41 
1000 1300 1.68182E-42 1.86563E-41 
1000 1350 1.67638E-42 1.84300E-41 
1000 1400 1.68295E-42 1.88517E-41 
1000 1450 1.68088E-42 1.86902E-41 
1000 1500 1.67891E-42 1.85729E-41 
1000 1550 1.26144E-42 1.39034E-41 
1000 1600 1.26191E-42 1.39754E-41 
1000 1650 1.26268E-42 1.40444E-41 
1000 1700 1.26455E-42 1.41278E-41 
1000 1750 1.26239E-42 1.39781E-41 
1000 1800 1.26100E-42 1.39969E-41 
1000 1850 1.26233E-42 1.40158E-41 
1000 1900 1.26161E-42 1.39654E-41 
1000 1950 1.26112E-42 1.39332E-41 
1000 2000 1.26208E-42 1.40195E-41 
1000 2050 1.26393E-42 1.40084E-41 
1050 800 1.68312E-42 1.88021E-41 
1050 850 1.68380E-42 1.87823E-41 
1050 900 1.68295E-42 1.86533E-41 
1050 950 1.68140E-42 1.85455E-41 
1050 1000 1.68246E-42 1.86494E-41 
1050 1050 1.68351E-42 1.87082E-41 
1050 1100 1.68155E-42 1.86080E-41 
1050 1150 1.68498E-42 1.87787E-41 
1050 1200 1.68341E-42 1.89216E-41 
1050 1250 1.68213E-42 1.86670E-41 
1050 1300 1.68322E-42 1.87094E-41 
1050 1350 1.68078E-42 1.87750E-41 
1050 1400 1.68559E-42 1.88937E-41 
1050 1450 1.68365E-42 1.88235E-41 
1050 1500 1.68367E-42 1.87737E-41 
1050 1550 1.26280E-42 1.39557E-41 
1050 1600 1.26483E-42 1.40469E-41 
1050 1650 1.26316E-42 1.39550E-41 
1050 1700 1.26396E-42 1.39507E-41 
1050 1750 1.26037E-42 1.39501E-41 
1050 1800 1.26361E-42 1.40336E-41 
1050 1850 1.26238E-42 1.39663E-41 
1050 1900 1.26180E-42 1.39997E-41 
1050 1950 1.26363E-42 1.40029E-41 
1050 2000 1.26097E-42 1.40437E-41 
1050 2050 1.26388E-42 1.40517E-41 
1100 800 1.68446E-42 1.89266E-41 
1100 850 1.68583E-42 1.87539E-41 
1100 900 1.68145E-42 1.87242E-41 
1100 950 1.68261E-42 1.86224E-41 
1100 1000 1.68174E-42 1.86740E-41 
1100 1050 1.68802E-42 1.88001E-41 
1100 1100 1.68411E-42 1.86167E-41 
1100 1150 1.68475E-42 1.88210E-41 
1100 1200 1.68466E-42 1.87423E-41 
1100 1250 1.68425E-42 1.87002E-41 
1100 1300 1.68067E-42 1.87156E-41 
1100 1350 1.68332E-42 1.86718E-41 
1100 1400 1.68267E-42 1.88048E-41 
1100 1450 1.68364E-42 1.88978E-41 
1100 1500 1.68382E-42 1.87511E-41 
1100 1550 1.26325E-42 1.40355E-41 
1100 1600 1.26431E-42 1.40519E-41 
1100 1650 1.26498E-42 1.40584E-41 
1100 1700 1.26367E-42 1.40255E-41 
1100 1750 1.26253E-42 1.39888E-41 
1100 1800 1.26502E-42 1.41365E-41 
1100 1850 1.26354E-42 1.40417E-41 
1100 1900 1.26299E-42 1.41470E-41 
1100 1950 1.26383E-42 1.40223E-41 
1100 2000 1.26539E-42 1.40771E-41 
1100 2050 1.26348E-42 1.40904E-41 
1150 800 1.68608E-42 1.88132E-41 
1150 850 1.68879E-42 1.87701E-41 
1150 900 1.68582E-42 1.89468E-41 
1150 950 1.68374E-42 1.87008E-41 
1150 1000 1.68299E-42 1.87079E-41 
1150 1050 1.68366E-42 1.87676E-41 
1150 1100 1.68205E-42 1.88049E-41 
1150 1150 1.68545E-42 1.87821E-41 
1150 1200 1.68698E-42 1.88738E-41 
1150 1250 1.68748E-42 1.89398E-41 
1150 1300 1.68663E-42 1.89754E-41 
1150 1350 1.68403E-42 1.86507E-41 
1150 1400 1.68196E-42 1.87809E-41 
1150 1450 1.68364E-42 1.89974E-41 
1150 1500 1.68999E-42 1.89559E-41 
1150 1550 1.25983E-42 1.39634E-41 
1150 1600 1.26615E-42 1.40884E-41 
1150 1650 1.26392E-42 1.40565E-41 
1150 1700 1.26437E-42 1.41335E-41 
1150 1750 1.26380E-42 1.40100E-41 
1150 1800 1.26539E-42 1.40801E-41 
1150 1850 1.26518E-42 1.41616E-41 
1150 1900 1.26278E-42 1.40276E-41 
1150 1950 1.26476E-42 1.40994E-41 
1150 2000 1.26612E-42 1.42148E-41 
1150 2050 1.26600E-42 1.41269E-41 
1200 800 1.68861E-42 1.89461E-41 
1200 850 1.68915E-42 1.89500E-41 
1200 900 1.68576E-42 1.87589E-41 
1200 950 1.68470E-42 1.88848E-41 
1200 1000 1.68691E-42 1.87641E-41 
1200 1050 1.68856E-42 1.89198E-41 
1200 1100 1.68795E-42 1.89163E-41 
1200 1150 1.68484E-42 1.88132E-41 
1200 1200 1.68596E-42 1.88421E-41 
1200 1250 1.68883E-42 1.90278E-41 
1200 1300 1.68615E-42 1.89772E-41 
1200 1350 1.68454E-42 1.88721E-41 
1200 1400 1.68921E-42 1.89250E-41 
1200 1450 1.68666E-42 1.88516E-41 
1200 1500 1.68381E-42 1.88760E-41 
1200 1550 1.26501E-42 1.40201E-41 
1200 1600 1.26649E-42 1.41506E-41 
1200 1650 1.26596E-42 1.41049E-41 
1200 1700 1.26549E-42 1.40690E-41 
1200 1750 1.26587E-42 1.41277E-41 
1200 1800 1.26647E-42 1.41264E-41 
1200 1850 1.26622E-42 1.41005E-41 
1200 1900 1.26369E-42 1.41536E-41 
1200 1950 1.26495E-42 1.41712E-41 
1200 2000 1.26482E-42 1.41650E-41 
1200 2050 1.26458E-42 1.42347E-41 
1250 800 1.68999E-42 1.89209E-41 
1250 850 1.69106E-42 1.89478E-41 
1250 900 1.68936E-42 1.89234E-41 
1250 950 1.68761E-42 1.89413E-41 
1250 1000 1.68865E-42 1.90473E-41 
1250 1050 1.68706E-42 1.89428E-41 
1250 1100 1.68725E-42 1.89093E-41 
1250 1150 1.68852E-42 1.88488E-41 
1250 1200 1.68932E-42 1.88975E-41 
1250 1250 1.68731E-42 1.90225E-41 
1250 1300 1.68844E-42 1.88655E-41 
1250 1350 1.68501E-42 1.88136E-41 
1250 1400 1.68462E-42 1.88657E-41 
1250 1450 1.68810E-42 1.89634E-41 
1250 1500 1.68878E-42 1.89727E-41 
1250 1550 1.26777E-42 1.41701E-41 
1250 1600 1.26701E-42 1.41873E-41 
1250 1650 1.26748E-42 1.42116E-41 
1250 1700 1.26698E-42 1.40874E-41 
1250 1750 1.26921E-42 1.42013E-41 
1250 1800 1.26833E-42 1.41840E-41 
1250 1850 1.26865E-42 1.41741E-41 
1250 1900 1.26793E-42 1.41873E-41 
1250 1950 1.26699E-42 1.42522E-41 
1250 2000 1.26548E-42 1.41580E-41 
1250 2050 1.26637E-42 1.40990E-41 
1300 800 1.68991E-42 1.90313E-41 
1300 850 1.69036E-42 1.89642E-41 
1300 900 1.68852E-42 1.90517E-41 
1300 950 1.69088E-42 1.88229E-41 
1300 1000 1.69138E-42 1.89305E-41 
1300 1050 1.68933E-42 1.90252E-41 
1300 1100 1.68996E-42 1.89217E-41 
1300 1150 1.68721E-42 1.88493E-41 
1300 1200 1.68796E-42 1.89221E-41 
1300 1250 1.68542E-42 1.90112E-41 
1300 1300 1.68972E-42 1.90836E-41 
1300 1350 1.68802E-42 1.88914E-41 
1300 1400 1.68862E-42 1.88679E-41 
1300 1450 1.69067E-42 1.90200E-41 
1300 1500 1.68975E-42 1.89238E-41 
1300 1550 1.26818E-42 1.42514E-41 
1300 1600 1.26558E-42 1.41269E-41 
1300 1650 1.26832E-42 1.41706E-41 
1300 1700 1.26687E-42 1.41500E-41 
1300 1750 1.26745E-42 1.41779E-41 
1300 1800 1.26756E-42 1.41913E-41 
1300 1850 1.26877E-42 1.42192E-41 
1300 1900 1.26664E-42 1.41765E-41 
1300 1950 1.26806E-42 1.41319E-41 
1300 2000 1.26862E-42 1.42590E-41 
1300 2050 1.26585E-42 1.42014E-41 
1350 800 1.69077E-42 1.90898E-41 
1350 850 1.68950E-42 1.89774E-41 
1350 900 1.69264E-42 1.91174E-41 
1350 950 1.69049E-42 1.90828E-41 
1350 1000 1.69067E-42 1.91018E-41 
1350 1050 1.68819E-42 1.90038E-41 
1350 1100 1.69092E-42 1.90612E-41 
1350 1150 1.69037E-42 1.90699E-41 
1350 1200 1.68851E-42 1.89290E-41 
1350 1250 1.68817E-42 1.88904E-41 
1350 1300 1.69122E-42 1.89677E-41 
1350 1350 1.69105E-42 1.89995E-41 
1350 1400 1.69064E-42 1.90490E-41 
1350 1450 1.68963E-42 1.90924E-41 
1350 1500 1.69087E-42 1.88811E-41 
1350 1550 1.26961E-42 1.42686E-41 
1350 1600 1.27067E-42 1.42903E-41 
1350 1650 1.26966E-42 1.41793E-41 
1350 1700 1.27024E-42 1.43382E-41 
1350 1750 1.26774E-42 1.42336E-41 
1350 1800 1.26844E-42 1.42268E-41 
1350 1850 1.26798E-42 1.42566E-41 
1350 1900 1.26604E-42 1.41704E-41 
1350 1950 1.26805E-42 1.42323E-41 
1350 2000 1.26950E-42 1.41919E-41 
1350 2050 1.26891E-42 1.42694E-41 
1400 800 1.69175E-42 1.91139E-41 
1400 850 1.69020E-42 1.90690E-41 
1400 900 1.69385E-42 1.92072E-41 
1400 950 1.68974E-42 1.90680E-41 
1400 1000 1.69194E-42 1.91332E-41 
1400 1050 1.69006E-42 1.89664E-41 
1400 1100 1.69099E-42 1.90360E-41 
1400 1150 1.69018E-42 1.91739E-41 
1400 1200 1.69108E-42 1.90616E-41 
1400 1250 1.69143E-42 1.90192E-41 
1400 1300 1.69205E-42 1.89871E-41 
1400 1350 1.68557E-42 1.89093E-41 
1400 1400 1.69068E-42 1.90995E-41 
1400 1450 1.68883E-42 1.89140E-41 
1400 1500 1.69017E-42 1.90740E-41 
1400 1550 1.26819E-42 1.42123E-41 
1400 1600 1.26881E-42 1.42992E-41 
1400 1650 1.27115E-42 1.42839E-41 
1400 1700 1.26967E-42 1.42756E-41 
1400 1750 1.26882E-42 1.43470E-41 
1400 1800 1.26878E-42 1.42696E-41 
1400 1850 1.26833E-42 1.42931E-41 
1400 1900 1.27108E-42 1.44467E-41 
1400 1950 1.26812E-42 1.41583E-41 
1400 2000 1.26969E-42 1.42988E-41 
1400 2050 1.26956E-42 1.42467E-41 
1450 800 1.69021E-42 1.89393E-41 
1450 850 1.69593E-42 1.92395E-41 
1450 900 1.69413E-42 1.92312E-41 
1450 950 1.69045E-42 1.89926E-41 
1450 1000 1.69506E-42 1.92117E-41 
1450 1050 1.69505E-42 1.91367E-41 
1450 1100 1.69485E-42 1.91567E-41 
1450 1150 1.68971E-42 1.90671E-41 
1450 1200 1.69237E-42 1.89884E-41 
1450 1250 1.69263E-42 1.91400E-41 
1450 1300 1.69155E-42 1.92238E-41 
1450 1350 1.69295E-42 1.89171E-41 
1450 1400 1.69072E-42 1.90707E-41 
1450 1450 1.69258E-42 1.92488E-41 
1450 1500 1.69233E-42 1.91014E-41 
1450 1550 1.26971E-42 1.42938E-41 
1450 1600 1.27028E-42 1.43250E-41 
1450 1650 1.27101E-42 1.43144E-41 
1450 1700 1.27155E-42 1.43075E-41 
1450 1750 1.27098E-42 1.43218E-41 
1450 1800 1.27115E-42 1.43589E-41 
1450 1850 1.26905E-42 1.43222E-41 
1450 1900 1.26876E-42 1.42257E-41 
1450 1950 1.26870E-42 1.42247E-41 
1450 2000 1.26817E-42 1.42688E-41 
1450 2050 1.26801E-42 1.41989E-41 
1500 800 1.69335E-42 1.91153E-41 
1500 850 1.69333E-42 1.90961E-41 
1500 900 1.69631E-42 1.92365E-41 
1500 950 1.69432E-42 1.90704E-41 
1500 1000 1.69448E-42 1.92325E-41 
1500 1050 1.69599E-42 1.93139E-41 
1500 1100 1.68783E-42 1.91460E-41 
1500 1150 1.69314E-42 1.91540E-41 
1500 1200 1.69291E-42 1.90283E-41 
1500 1250 1.69230E-42 1.91420E-41 
1500 1300 1.69181E-42 1.90198E-41 
1500 1350 1.69283E-42 1.91432E-41 
1500 1400 1.69352E-42 1.90183E-41 
1500 1450 1.69310E-42 1.93461E-41 
1500 1500 1.68993E-42 1.91564E-41 
1500 1550 1.27032E-42 1.42651E-41 
1500 1600 1.27167E-42 1.44419E-41 
1500 1650 1.27055E-42 1.42005E-41 
1500 1700 1.26941E-42 1.42987E-41 
1500 1750 1.27024E-42 1.41931E-41 
1500 1800 1.27151E-42 1.44233E-41 
1500 1850 1.27162E-42 1.43669E-41 
1500 1900 1.27157E-42 1.43364E-41 
1500 1950 1.26937E-42 1.43165E-41 
1500 2000 1.26988E-42 1.42778E-41 
1500 2050 1.27039E-42 1.42454E-41 
1550 800 1.27280E-42 1.43313E-41 
1550 850 1.27460E-42 1.43973E-41 
1550 900 1.27335E-42 1.44041E-41 
1550 950 1.26996E-42 1.42691E-41 
1550 1000 1.27000E-42 1.42778E-41 
1550 1050 1.27181E-42 1.43094E-41 
1550 1100 1.27260E-42 1.43463E-41 
1550 1150 1.27226E-42 1.43366E-41 
1550 1200 1.27316E-42 1.44393E-41 
1550 1250 1.27218E-42 1.42787E-41 
1550 1300 1.27239E-42 1.43267E-41 
1550 1350 1.27052E-42 1.42496E-41 
1550 1400 1.27289E-42 1.43295E-41 
1550 1450 1.27286E-42 1.44331E-41 
1550 1500 1.27423E-42 1.44059E-41 
1550 1550 1.27211E-42 1.43673E-41 
1550 1600 1.27156E-42 1.43456E-41 
1550 1650 1.27183E-42 1.44783E-41 
1550 1700 1.26977E-42 1.43262E-41 
1550 1750 1.27258E-42 1.44106E-41 
1550 1800 1.27262E-42 1.43985E-41 
1550 1850 1.27329E-42 1.44935E-41 
1550 1900 1.26996E-42 1.43731E-41 
1550 1950 1.27254E-42 1.43448E-41 
1550 2000 1.27143E-42 1.43492E-41 
1550 2050 1.27183E-42 1.44661E-41 
1600 800 1.27391E-42 1.43671E-41 
1600 850 1.27224E-42 1.43607E-41 
1600 900 1.27308E-42 1.42359E-41 
1600 950 1.27337E-42 1.43134E-41 
1600 1000 1.27143E-42 1.42573E-41 
1600 1050 1.27041E-42 1.43160E-41 
1600 1100 1.27194E-42 1.43213E-41 
1600 1150 1.27240E-42 1.43982E-41 
1600 1200 1.27257E-42 1.44225E-41 
1600 1250 1.27067E-42 1.43823E-41 
1600 1300 1.27077E-42 1.43692E-41 
1600 1350 1.27245E-42 1.43736E-41 
1600 1400 1.27195E-42 1.43699E-41 
1600 1450 1.27154E-42 1.43700E-41 
1600 1500 1.27392E-42 1.43499E-41 
1600 1550 1.27293E-42 1.44431E-41 
1600 1600 1.27113E-42 1.43185E-41 
1600 1650 1.27081E-42 1.43894E-41 
1600 1700 1.27114E-42 1.43698E-41 
1600 1750 1.27200E-42 1.43968E-41 
1600 1800 1.27265E-42 1.43601E-41 
1600 1850 1.27214E-42 1.44225E-41 
1600 1900 1.27104E-42 1.43305E-41 
1600 1950 1.26901E-42 1.42457E-41 
1600 2000 1.27447E-42 1.44471E-41 
1600 2050 1.27213E-42 1.44850E-41 
1650 800 1.27503E-42 1.43144E-41 
1650 850 1.27503E-42 1.44650E-41 
1650 900 1.27330E-42 1.43695E-41 
1650 950 1.27263E-42 1.43735E-41 
1650 1000 1.27304E-42 1.44189E-41 
1650 1050 1.27502E-42 1.44031E-41 
1650 1100 1.27310E-42 1.44240E-41 
1650 1150 1.27319E-42 1.44260E-41 
1650 1200 1.27436E-42 1.44160E-41 
1650 1250 1.27400E-42 1.43952E-41 
1650 1300 1.27570E-42 1.44322E-41 
1650 1350 1.27316E-42 1.43932E-41 
1650 1400 1.27245E-42 1.43855E-41 
1650 1450 1.27156E-42 1.43689E-41 
1650 1500 1.27196E-42 1.43730E-41 
1650 1550 1.27206E-42 1.44041E-41 
1650 1600 1.27309E-42 1.44931E-41 
1650 1650 1.27185E-42 1.43283E-41 
1650 1700 1.27470E-42 1.45111E-41 
1650 1750 1.27436E-42 1.43948E-41 
1650 1800 1.27301E-42 1.44599E-41 
1650 1850 1.27276E-42 1.44162E-41 
1650 1900 1.27136E-42 1.43635E-41 
1650 1950 1.27551E-42 1.44646E-41 
1650 2000 1.27180E-42 1.43824E-41 
1650 2050 1.27207E-42 1.44644E-41 
1700 800 1.27621E-42 1.44388E-41 
1700 850 1.27371E-42 1.44481E-41 
1700 900 1.27501E-42 1.44430E-41 
1700 950 1.27324E-42 1.43847E-41 
1700 1000 1.27319E-42 1.43799E-41 
1700 1050 1.27383E-42 1.44551E-41 
1700 1100 1.27401E-42 1.43761E-41 
1700 1150 1.27218E-42 1.44161E-41 
1700 1200 1.27574E-42 1.45804E-41 
1700 1250 1.27281E-42 1.43598E-41 
1700 1300 1.27560E-42 1.44755E-41 
1700 1350 1.27191E-42 1.44317E-41 
1700 1400 1.27510E-42 1.44713E-41 
1700 1450 1.27219E-42 1.44182E-41 
1700 1500 1.27460E-42 1.45448E-41 
1700 1550 1.27417E-42 1.44537E-41 
1700 1600 1.27437E-42 1.44775E-41 
1700 1650 1.27284E-42 1.44110E-41 
1700 1700 1.27168E-42 1.44433E-41 
1700 1750 1.27299E-42 1.44777E-41 
1700 1800 1.27492E-42 1.44612E-41 
1700 1850 1.27514E-42 1.45104E-41 
1700 1900 1.27188E-42 1.44062E-41 
1700 1950 1.27287E-42 1.43905E-41 
1700 2000 1.27201E-42 1.43558E-41 
1700 2050 1.27453E-42 1.44693E-41 
1750 800 1.27412E-42 1.44605E-41 
1750 850 1.27392E-42 1.44914E-41 
1750 900 1.27530E-42 1.44270E-41 
1750 950 1.27524E-42 1.45444E-41 
1750 1000 1.27487E-42 1.44153E-41 
1750 1050 1.27520E-42 1.45625E-41 
1750 1100 1.27532E-42 1.44133E-41 
1750 1150 1.27351E-42 1.44328E-41 
1750 1200 1.27367E-42 1.44459E-41 
1750 1250 1.27513E-42 1.44420E-41 
1750 1300 1.27409E-42 1.44854E-41 
1750 1350 1.27268E-42 1.44099E-41 
1750 1400 1.27427E-42 1.45211E-41 
1750 1450 1.27432E-42 1.44079E-41 
1750 1500 1.27638E-42 1.44764E-41 
1750 1550 1.27520E-42 1.45030E-41 
1750 1600 1.27497E-42 1.44441E-41 
1750 1650 1.27437E-42 1.43663E-41 
1750 1700 1.27381E-42 1.43686E-41 
1750 1750 1.27324E-42 1.44479E-41 
1750 1800 1.27315E-42 1.44165E-41 
1750 1850 1.27425E-42 1.44335E-41 
1750 1900 1.27304E-42 1.45064E-41 
1750 1950 1.27393E-42 1.44577E-41 
1750 2000 1.27573E-42 1.46209E-41 
1750 2050 1.27435E-42 1.44278E-41 
1800 800 1.27356E-42 1.45360E-41 
1800 850 1.27517E-42 1.45472E-41 
1800 900 1.27497E-42 1.43225E-41 
1800 950 1.27702E-42 1.45283E-41 
1800 1000 1.27403E-42 1.45312E-41 
1800 1050 1.27465E-42 1.45605E-41 
1800 1100 1.27583E-42 1.45309E-41 
1800 1150 1.27395E-42 1.44745E-41 
1800 1200 1.27520E-42 1.45341E-41 
1800 1250 1.27600E-42 1.45573E-41 
1800 1300 1.27587E-42 1.44948E-41 
1800 1350 1.27375E-42 1.45097E-41 
1800 1400 1.27633E-42 1.45485E-41 
1800 1450 1.27359E-42 1.44636E-41 
1800 1500 1.27520E-42 1.45076E-41 
1800 1550 1.27408E-42 1.44781E-41 
1800 1600 1.27433E-42 1.44516E-41 
1800 1650 1.27431E-42 1.45143E-41 
1800 1700 1.27637E-42 1.45335E-41 
1800 1750 1.27372E-42 1.45487E-41 
1800 1800 1.27575E-42 1.44475E-41 
1800 1850 1.27409E-42 1.45481E-41 
1800 1900 1.27494E-42 1.45683E-41 
1800 1950 1.27554E-42 1.45002E-41 
1800 2000 1.27474E-42 1.45681E-41 
1800 2050 1.27523E-42 1.45816E-41 
1850 800 1.27554E-42 1.45289E-41 
1850 850 1.27500E-42 1.44946E-41 
1850 900 1.27635E-42 1.45058E-41 
1850 950 1.27726E-42 1.45171E-41 
1850 1000 1.27513E-42 1.45319E-41 
1850 1050 1.27792E-42 1.45302E-41 
1850 1100 1.27503E-42 1.44675E-41 
1850 1150 1.27662E-42 1.45066E-41 
1850 1200 1.27506E-42 1.44214E-41 
1850 1250 1.27503E-42 1.44214E-41 
1850 1300 1.27524E-42 1.43895E-41 
1850 1350 1.27487E-42 1.44439E-41 
1850 1400 1.27564E-42 1.44494E-41 
1850 1450 1.27614E-42 1.45597E-41 
1850 1500 1.27560E-42 1.45809E-41 
1850 1550 1.27400E-42 1.46096E-41 
1850 1600 1.27612E-42 1.46724E-41 
1850 1650 1.27705E-42 1.44555E-41 
1850 1700 1.27540E-42 1.45500E-41 
1850 1750 1.27816E-42 1.46274E-41 
1850 1800 1.27570E-42 1.45363E-41 
1850 1850 1.27383E-42 1.45023E-41 
1850 1900 1.27564E-42 1.44864E-41 
1850 1950 1.27307E-42 1.44488E-41 
1850 2000 1.27494E-42 1.44980E-41 
1850 2050 1.27476E-42 1.44788E-41 
1900 800 1.27692E-42 1.45527E-41 
1900 850 1.27600E-42 1.45451E-41 
1900 900 1.27722E-42 1.45513E-41 
1900 950 1.27626E-42 1.44569E-41 
1900 1000 1.27790E-42 1.46079E-41 
1900 1050 1.27627E-42 1.44777E-41 
1900 1100 1.27818E-42 1.46187E-41 
1900 1150 1.27463E-42 1.45049E-41 
1900 1200 1.27558E-42 1.44740E-41 
1900 1250 1.27778E-42 1.45885E-41 
1900 1300 1.27456E-42 1.45178E-41 
1900 1350 1.27504E-42 1.45940E-41 
1900 1400 1.27499E-42 1.44557E-41 
1900 1450 1.27482E-42 1.44983E-41 
1900 1500 1.27775E-42 1.46396E-41 
1900 1550 1.27643E-42 1.45715E-41 
1900 1600 1.27628E-42 1.45532E-41 
1900 1650 1.27643E-42 1.45140E-41 
1900 1700 1.27665E-42 1.45481E-41 
1900 1750 1.27520E-42 1.45839E-41 
1900 1800 1.27597E-42 1.45083E-41 
1900 1850 1.27586E-42 1.45735E-41 
1900 1900 1.27523E-42 1.44790E-41 
1900 1950 1.27693E-42 1.46306E-41 
1900 2000 1.27533E-42 1.45193E-41 
1900 2050 1.27570E-42 1.46245E-41 
1950 800 1.27621E-42 1.45246E-41 
1950 850 1.27782E-42 1.45486E-41 
1950 900 1.27471E-42 1.44898E-41 
1950 950 1.27787E-42 1.45405E-41 
1950 1000 1.27872E-42 1.45385E-41 
1950 1050 1.27738E-42 1.45796E-41 
1950 1100 1.27676E-42 1.46502E-41 
1950 1150 1.27614E-42 1.44604E-41 
1950 1200 1.27715E-42 1.45541E-41 
1950 1250 1.27548E-42 1.45879E-41 
1950 1300 1.27699E-42 1.45210E-41 
1950 1350 1.27740E-42 1.45409E-41 
1950 1400 1.27799E-42 1.46686E-41 
1950 1450 1.27581E-42 1.45099E-41 
1950 1500 1.27619E-42 1.45457E-41 
1950 1550 1.27697E-42 1.45966E-41 
1950 1600 1.27769E-42 1.46244E-41 
1950 1650 1.27745E-42 1.45866E-41 
1950 1700 1.27548E-42 1.45108E-41 
1950 1750 1.27414E-42 1.45268E-41 
1950 1800 1.27517E-42 1.45988E-41 
1950 1850 1.27810E-42 1.46357E-41 
1950 1900 1.27464E-42 1.45278E-41 
1950 1950 1.27465E-42 1.45165E-41 
1950 2000 1.27649E-42 1.45622E-41 
1950 2050 1.27631E-42 1.46615E-41 
2000 800 1.27637E-42 1.45690E-41 
2000 850 1.27629E-42 1.45300E-41 
2000 900 1.27882E-42 1.45114E-41 
2000 950 1.27697E-42 1.45202E-41 
2000 1000 1.27551E-42 1.46084E-41 
2000 1050 1.27779E-42 1.46233E-41 
2000 1100 1.27824E-42 1.46440E-41 
2000 1150 1.27610E-42 1.45559E-41 
2000 1200 1.27716E-42 1.46011E-41 
2000 1250 1.27771E-42 1.46118E-41 
2000 1300 1.27700E-42 1.46241E-41 
2000 1350 1.27985E-42 1.47031E-41 
2000 1400 1.27744E-42 1.45889E-41 
2000 1450 1.27878E-42 1.46143E-41 
2000 1500 1.27805E-42 1.45056E-41 
2000 1550 1.27751E-42 1.45236E-41 
2000 1600 1.27635E-42 1.45842E-41 
2000 1650 1.27669E-42 1.46219E-41 
2000 1700 1.27464E-42 1.45197E-41 
2000 1750 1.27856E-42 1.46158E-41 
2000 1800 1.27519E-42 1.45593E-41 
2000 1850 1.27624E-42 1.46101E-41 
2000 1900 1.27798E-42 1.46537E-41 
2000 1950 1.27827E-42 1.46093E-41 
2000 2000 1.27699E-42 1.45651E-41 
2000 2050 1.27646E-42 1.46069E-41 
2050 800 1.27805E-42 1.46017E-41 
2050 850 1.27676E-42 1.46502E-41 
2050 900 1.27958E-42 1.46760E-41 
2050 950 1.27781E-42 1.45229E-41 
2050 1000 1.27561E-42 1.45185E-41 
2050 1050 1.27750E-42 1.46245E-41 
2050 1100 1.27893E-42 1.46337E-41 
2050 1150 1.27838E-42 1.46630E-41 
2050 1200 1.27700E-42 1.45685E-41 
2050 1250 1.27805E-42 1.45862E-41 
2050 1300 1.27701E-42 1.46858E-41 
2050 1350 1.27711E-42 1.46252E-41 
2050 1400 1.28009E-42 1.45916E-41 
2050 1450 1.27896E-42 1.46753E-41 
2050 1500 1.27814E-42 1.46035E-41 
2050 1550 1.27719E-42 1.46214E-41 
2050 1600 1.27722E-42 1.46455E-41 
2050 1650 1.27710E-42 1.46240E-41 
2050 1700 1.27776E-42 1.47052E-41 
2050 1750 1.27564E-42 1.45806E-41 
2050 1800 1.27877E-42 1.47011E-41 
2050 1850 1.27613E-42 1.47525E-41 
2050 1900 1.27810E-42 1.47233E-41 
2050 1950 1.27642E-42 1.45506E-41 
2050 2000 1.27774E-42 1.45867E-41 
2050 2050 1.27719E-42 1.45965E-41 
