800 1.67545E-42 1.83991E-41 
850 1.67979E-42 1.83727E-41 
900 1.67385E-42 1.85404E-41 
950 1.68010E-42 1.87173E-41 
1000 1.68343E-42 1.85751E-41 
1050 1.68351E-42 1.87082E-41 
1100 1.68411E-42 1.86167E-41 
1150 1.68545E-42 1.87821E-41 
1200 1.68596E-42 1.88421E-41 
1250 1.68731E-42 1.90225E-41 
1300 1.68972E-42 1.90836E-41 
1350 1.69105E-42 1.89995E-41 
1400 1.69068E-42 1.90995E-41 
1450 1.69258E-42 1.92488E-41 
1500 1.68993E-42 1.91564E-41 
1550 1.27211E-42 1.43673E-41 
1600 1.27113E-42 1.43185E-41 
1650 1.27185E-42 1.43283E-41 
1700 1.27168E-42 1.44433E-41 
1750 1.27324E-42 1.44479E-41 
1800 1.27575E-42 1.44475E-41 
1850 1.27383E-42 1.45023E-41 
1900 1.27523E-42 1.44790E-41 
1950 1.27465E-42 1.45165E-41 
2000 1.27699E-42 1.45651E-41 
