800 800 1.04639E-02 4.64609E-02 
800 850 1.04770E-02 4.64304E-02 
800 900 1.04706E-02 4.64926E-02 
800 950 1.04557E-02 4.64019E-02 
800 1000 1.04524E-02 4.64886E-02 
800 1050 1.04477E-02 4.64338E-02 
800 1100 1.04574E-02 4.63483E-02 
800 1150 1.04404E-02 4.64561E-02 
800 1200 1.04540E-02 4.63586E-02 
800 1250 1.04489E-02 4.64083E-02 
800 1300 1.04648E-02 4.64181E-02 
800 1350 1.04410E-02 4.64159E-02 
800 1400 1.04578E-02 4.64180E-02 
800 1450 1.04580E-02 4.64431E-02 
800 1500 1.04541E-02 4.63598E-02 
800 1550 1.04617E-02 4.64057E-02 
800 1600 1.04383E-02 4.64772E-02 
800 1650 1.04387E-02 4.63597E-02 
800 1700 1.04700E-02 4.64024E-02 
800 1750 1.04686E-02 4.65036E-02 
800 1800 1.04481E-02 4.63920E-02 
800 1850 1.04450E-02 4.64786E-02 
800 1900 1.04564E-02 4.64212E-02 
800 1950 1.04741E-02 4.64480E-02 
800 2000 1.04607E-02 4.64269E-02 
800 2050 1.04439E-02 4.64736E-02 
850 800 1.05071E-02 4.63991E-02 
850 850 1.04830E-02 4.65569E-02 
850 900 1.05129E-02 4.64956E-02 
850 950 1.04970E-02 4.63664E-02 
850 1000 1.05059E-02 4.63923E-02 
850 1050 1.04967E-02 4.63709E-02 
850 1100 1.05148E-02 4.64081E-02 
850 1150 1.04890E-02 4.64674E-02 
850 1200 1.04943E-02 4.63779E-02 
850 1250 1.04667E-02 4.64183E-02 
850 1300 1.05260E-02 4.63656E-02 
850 1350 1.04945E-02 4.64251E-02 
850 1400 1.04795E-02 4.64050E-02 
850 1450 1.05005E-02 4.64476E-02 
850 1500 1.05033E-02 4.65760E-02 
850 1550 1.04954E-02 4.63811E-02 
850 1600 1.04850E-02 4.64367E-02 
850 1650 1.05116E-02 4.64880E-02 
850 1700 1.05124E-02 4.64458E-02 
850 1750 1.04928E-02 4.65318E-02 
850 1800 1.05236E-02 4.65723E-02 
850 1850 1.04931E-02 4.64429E-02 
850 1900 1.04964E-02 4.64163E-02 
850 1950 1.04825E-02 4.65185E-02 
850 2000 1.04915E-02 4.65638E-02 
850 2050 1.04981E-02 4.64519E-02 
900 800 1.05238E-02 4.64669E-02 
900 850 1.05702E-02 4.64618E-02 
900 900 1.05293E-02 4.65215E-02 
900 950 1.05208E-02 4.64544E-02 
900 1000 1.05267E-02 4.65116E-02 
900 1050 1.05324E-02 4.64569E-02 
900 1100 1.05460E-02 4.64969E-02 
900 1150 1.05372E-02 4.64986E-02 
900 1200 1.05455E-02 4.63670E-02 
900 1250 1.05322E-02 4.64599E-02 
900 1300 1.05296E-02 4.64218E-02 
900 1350 1.05542E-02 4.65224E-02 
900 1400 1.05365E-02 4.65319E-02 
900 1450 1.05367E-02 4.65173E-02 
900 1500 1.05285E-02 4.66361E-02 
900 1550 1.05437E-02 4.64523E-02 
900 1600 1.05264E-02 4.65114E-02 
900 1650 1.05229E-02 4.64177E-02 
900 1700 1.05123E-02 4.65047E-02 
900 1750 1.05404E-02 4.64735E-02 
900 1800 1.05324E-02 4.65630E-02 
900 1850 1.05379E-02 4.64395E-02 
900 1900 1.05309E-02 4.64856E-02 
900 1950 1.05229E-02 4.64747E-02 
900 2000 1.05292E-02 4.64991E-02 
900 2050 1.05485E-02 4.65354E-02 
950 800 1.05902E-02 4.65093E-02 
950 850 1.05723E-02 4.65373E-02 
950 900 1.05661E-02 4.65349E-02 
950 950 1.05787E-02 4.65513E-02 
950 1000 1.05545E-02 4.64924E-02 
950 1050 1.05847E-02 4.65187E-02 
950 1100 1.05779E-02 4.65062E-02 
950 1150 1.05821E-02 4.65478E-02 
950 1200 1.05716E-02 4.65558E-02 
950 1250 1.05662E-02 4.64394E-02 
950 1300 1.05663E-02 4.65178E-02 
950 1350 1.05805E-02 4.66354E-02 
950 1400 1.05781E-02 4.65239E-02 
950 1450 1.05542E-02 4.65056E-02 
950 1500 1.05789E-02 4.65894E-02 
950 1550 1.05590E-02 4.65440E-02 
950 1600 1.05968E-02 4.64888E-02 
950 1650 1.05821E-02 4.66319E-02 
950 1700 1.05925E-02 4.65042E-02 
950 1750 1.05901E-02 4.65466E-02 
950 1800 1.05875E-02 4.65658E-02 
950 1850 1.05703E-02 4.66015E-02 
950 1900 1.05874E-02 4.65614E-02 
950 1950 1.05815E-02 4.65569E-02 
950 2000 1.05893E-02 4.65390E-02 
950 2050 1.05781E-02 4.65880E-02 
1000 800 1.06366E-02 4.65648E-02 
1000 850 1.06310E-02 4.66005E-02 
1000 900 1.06130E-02 4.65901E-02 
1000 950 1.06199E-02 4.65822E-02 
1000 1000 1.05962E-02 4.65185E-02 
1000 1050 1.06189E-02 4.65176E-02 
1000 1100 1.06044E-02 4.65405E-02 
1000 1150 1.06242E-02 4.64940E-02 
1000 1200 1.06249E-02 4.65331E-02 
1000 1250 1.06400E-02 4.65409E-02 
1000 1300 1.06242E-02 4.65869E-02 
1000 1350 1.06446E-02 4.65547E-02 
1000 1400 1.06070E-02 4.66407E-02 
1000 1450 1.06189E-02 4.64502E-02 
1000 1500 1.06049E-02 4.66395E-02 
1000 1550 1.06169E-02 4.66339E-02 
1000 1600 1.06294E-02 4.66455E-02 
1000 1650 1.06180E-02 4.65712E-02 
1000 1700 1.05975E-02 4.66146E-02 
1000 1750 1.06233E-02 4.66455E-02 
1000 1800 1.06351E-02 4.66272E-02 
1000 1850 1.05944E-02 4.66277E-02 
1000 1900 1.06088E-02 4.65734E-02 
1000 1950 1.06178E-02 4.65840E-02 
1000 2000 1.06309E-02 4.65810E-02 
1000 2050 1.06002E-02 4.66145E-02 
1050 800 1.06548E-02 4.66306E-02 
1050 850 1.06727E-02 4.66505E-02 
1050 900 1.06601E-02 4.66182E-02 
1050 950 1.06715E-02 4.67019E-02 
1050 1000 1.06490E-02 4.67166E-02 
1050 1050 1.06338E-02 4.64846E-02 
1050 1100 1.06610E-02 4.66313E-02 
1050 1150 1.06271E-02 4.66584E-02 
1050 1200 1.06738E-02 4.67663E-02 
1050 1250 1.06437E-02 4.67138E-02 
1050 1300 1.06474E-02 4.67648E-02 
1050 1350 1.06515E-02 4.66097E-02 
1050 1400 1.06365E-02 4.66761E-02 
1050 1450 1.06584E-02 4.65985E-02 
1050 1500 1.06597E-02 4.66850E-02 
1050 1550 1.06623E-02 4.66965E-02 
1050 1600 1.06288E-02 4.65880E-02 
1050 1650 1.06369E-02 4.66634E-02 
1050 1700 1.06447E-02 4.65411E-02 
1050 1750 1.06582E-02 4.65989E-02 
1050 1800 1.06403E-02 4.66658E-02 
1050 1850 1.06372E-02 4.66756E-02 
1050 1900 1.06674E-02 4.67243E-02 
1050 1950 1.06322E-02 4.66193E-02 
1050 2000 1.06669E-02 4.65995E-02 
1050 2050 1.06506E-02 4.65905E-02 
1100 800 1.06779E-02 4.66898E-02 
1100 850 1.06812E-02 4.66082E-02 
1100 900 1.07100E-02 4.67183E-02 
1100 950 1.06813E-02 4.66975E-02 
1100 1000 1.06840E-02 4.66612E-02 
1100 1050 1.06946E-02 4.67660E-02 
1100 1100 1.07063E-02 4.67084E-02 
1100 1150 1.07111E-02 4.67505E-02 
1100 1200 1.06918E-02 4.66680E-02 
1100 1250 1.06923E-02 4.66742E-02 
1100 1300 1.07023E-02 4.66354E-02 
1100 1350 1.06890E-02 4.67477E-02 
1100 1400 1.06948E-02 4.66766E-02 
1100 1450 1.06934E-02 4.66303E-02 
1100 1500 1.06770E-02 4.66645E-02 
1100 1550 1.06910E-02 4.66727E-02 
1100 1600 1.06926E-02 4.66192E-02 
1100 1650 1.06806E-02 4.67062E-02 
1100 1700 1.06814E-02 4.65904E-02 
1100 1750 1.06867E-02 4.67288E-02 
1100 1800 1.06567E-02 4.66606E-02 
1100 1850 1.06780E-02 4.66885E-02 
1100 1900 1.06937E-02 4.67246E-02 
1100 1950 1.06765E-02 4.68439E-02 
1100 2000 1.06826E-02 4.67180E-02 
1100 2050 1.07003E-02 4.66684E-02 
1150 800 1.07433E-02 4.68652E-02 
1150 850 1.07277E-02 4.68212E-02 
1150 900 1.06972E-02 4.67947E-02 
1150 950 1.07245E-02 4.68458E-02 
1150 1000 1.07176E-02 4.67869E-02 
1150 1050 1.07085E-02 4.66866E-02 
1150 1100 1.07522E-02 4.67194E-02 
1150 1150 1.07291E-02 4.68592E-02 
1150 1200 1.07169E-02 4.68467E-02 
1150 1250 1.07100E-02 4.68345E-02 
1150 1300 1.07192E-02 4.67810E-02 
1150 1350 1.07293E-02 4.68056E-02 
1150 1400 1.07177E-02 4.67366E-02 
1150 1450 1.07207E-02 4.67297E-02 
1150 1500 1.07111E-02 4.68151E-02 
1150 1550 1.07261E-02 4.67866E-02 
1150 1600 1.07167E-02 4.68103E-02 
1150 1650 1.07016E-02 4.68445E-02 
1150 1700 1.07228E-02 4.67430E-02 
1150 1750 1.07190E-02 4.68189E-02 
1150 1800 1.07284E-02 4.68228E-02 
1150 1850 1.07226E-02 4.67852E-02 
1150 1900 1.07212E-02 4.67971E-02 
1150 1950 1.07247E-02 4.68231E-02 
1150 2000 1.06907E-02 4.67311E-02 
1150 2050 1.07446E-02 4.68762E-02 
1200 800 1.07680E-02 4.68981E-02 
1200 850 1.07634E-02 4.68803E-02 
1200 900 1.07748E-02 4.67862E-02 
1200 950 1.07480E-02 4.70237E-02 
1200 1000 1.07722E-02 4.68389E-02 
1200 1050 1.07484E-02 4.68494E-02 
1200 1100 1.07561E-02 4.68688E-02 
1200 1150 1.07652E-02 4.68365E-02 
1200 1200 1.07646E-02 4.68280E-02 
1200 1250 1.07440E-02 4.68361E-02 
1200 1300 1.07460E-02 4.68798E-02 
1200 1350 1.07399E-02 4.69149E-02 
1200 1400 1.07657E-02 4.68799E-02 
1200 1450 1.07676E-02 4.67898E-02 
1200 1500 1.07743E-02 4.67680E-02 
1200 1550 1.07367E-02 4.69285E-02 
1200 1600 1.07659E-02 4.67583E-02 
1200 1650 1.07633E-02 4.67946E-02 
1200 1700 1.07430E-02 4.67985E-02 
1200 1750 1.07573E-02 4.68566E-02 
1200 1800 1.07567E-02 4.69748E-02 
1200 1850 1.07581E-02 4.68365E-02 
1200 1900 1.07593E-02 4.68693E-02 
1200 1950 1.07622E-02 4.68141E-02 
1200 2000 1.07598E-02 4.68791E-02 
1200 2050 1.07478E-02 4.67853E-02 
1250 800 1.08031E-02 4.68489E-02 
1250 850 1.07727E-02 4.68615E-02 
1250 900 1.07848E-02 4.69584E-02 
1250 950 1.07810E-02 4.70073E-02 
1250 1000 1.07900E-02 4.69024E-02 
1250 1050 1.07750E-02 4.69107E-02 
1250 1100 1.07769E-02 4.69566E-02 
1250 1150 1.08003E-02 4.69329E-02 
1250 1200 1.08018E-02 4.69010E-02 
1250 1250 1.07880E-02 4.69219E-02 
1250 1300 1.08086E-02 4.69845E-02 
1250 1350 1.07892E-02 4.69609E-02 
1250 1400 1.08306E-02 4.68647E-02 
1250 1450 1.07951E-02 4.69612E-02 
1250 1500 1.07922E-02 4.69315E-02 
1250 1550 1.07837E-02 4.68855E-02 
1250 1600 1.07968E-02 4.69365E-02 
1250 1650 1.07999E-02 4.69555E-02 
1250 1700 1.07785E-02 4.70064E-02 
1250 1750 1.07792E-02 4.68833E-02 
1250 1800 1.07845E-02 4.69845E-02 
1250 1850 1.07930E-02 4.69871E-02 
1250 1900 1.07861E-02 4.69949E-02 
1250 1950 1.07817E-02 4.69508E-02 
1250 2000 1.07886E-02 4.69075E-02 
1250 2050 1.08046E-02 4.69763E-02 
1300 800 1.08166E-02 4.69652E-02 
1300 850 1.08129E-02 4.69723E-02 
1300 900 1.08193E-02 4.70683E-02 
1300 950 1.08136E-02 4.70934E-02 
1300 1000 1.07821E-02 4.70249E-02 
1300 1050 1.08238E-02 4.70742E-02 
1300 1100 1.08503E-02 4.69788E-02 
1300 1150 1.08359E-02 4.70661E-02 
1300 1200 1.08344E-02 4.70504E-02 
1300 1250 1.08188E-02 4.71311E-02 
1300 1300 1.08378E-02 4.70631E-02 
1300 1350 1.08155E-02 4.69834E-02 
1300 1400 1.08057E-02 4.69461E-02 
1300 1450 1.08175E-02 4.70302E-02 
1300 1500 1.08136E-02 4.69592E-02 
1300 1550 1.08173E-02 4.70288E-02 
1300 1600 1.08215E-02 4.70278E-02 
1300 1650 1.08177E-02 4.70122E-02 
1300 1700 1.08279E-02 4.70244E-02 
1300 1750 1.08256E-02 4.70739E-02 
1300 1800 1.08234E-02 4.69604E-02 
1300 1850 1.08085E-02 4.70690E-02 
1300 1900 1.08227E-02 4.69882E-02 
1300 1950 1.08139E-02 4.70887E-02 
1300 2000 1.08108E-02 4.69874E-02 
1300 2050 1.08279E-02 4.70565E-02 
1350 800 1.08692E-02 4.71290E-02 
1350 850 1.08726E-02 4.71325E-02 
1350 900 1.08478E-02 4.71195E-02 
1350 950 1.08529E-02 4.71966E-02 
1350 1000 1.08435E-02 4.70342E-02 
1350 1050 1.08663E-02 4.70616E-02 
1350 1100 1.08721E-02 4.70733E-02 
1350 1150 1.08713E-02 4.70878E-02 
1350 1200 1.08594E-02 4.71033E-02 
1350 1250 1.08583E-02 4.71400E-02 
1350 1300 1.08552E-02 4.71416E-02 
1350 1350 1.08511E-02 4.72132E-02 
1350 1400 1.08504E-02 4.70477E-02 
1350 1450 1.08367E-02 4.71223E-02 
1350 1500 1.08474E-02 4.72161E-02 
1350 1550 1.08255E-02 4.70885E-02 
1350 1600 1.08559E-02 4.71462E-02 
1350 1650 1.08412E-02 4.71400E-02 
1350 1700 1.08339E-02 4.71163E-02 
1350 1750 1.08658E-02 4.71472E-02 
1350 1800 1.08535E-02 4.71291E-02 
1350 1850 1.08644E-02 4.70989E-02 
1350 1900 1.08469E-02 4.70791E-02 
1350 1950 1.08509E-02 4.71736E-02 
1350 2000 1.08518E-02 4.70792E-02 
1350 2050 1.08470E-02 4.70791E-02 
1400 800 1.08939E-02 4.71865E-02 
1400 850 1.09067E-02 4.72729E-02 
1400 900 1.08714E-02 4.71658E-02 
1400 950 1.09004E-02 4.71232E-02 
1400 1000 1.08896E-02 4.71823E-02 
1400 1050 1.08766E-02 4.71796E-02 
1400 1100 1.08975E-02 4.71303E-02 
1400 1150 1.08730E-02 4.72014E-02 
1400 1200 1.08759E-02 4.72986E-02 
1400 1250 1.08743E-02 4.71294E-02 
1400 1300 1.08787E-02 4.72300E-02 
1400 1350 1.08997E-02 4.72918E-02 
1400 1400 1.08845E-02 4.73484E-02 
1400 1450 1.09011E-02 4.71763E-02 
1400 1500 1.08928E-02 4.71518E-02 
1400 1550 1.08764E-02 4.72029E-02 
1400 1600 1.08953E-02 4.71652E-02 
1400 1650 1.08966E-02 4.73117E-02 
1400 1700 1.08766E-02 4.71615E-02 
1400 1750 1.08948E-02 4.73056E-02 
1400 1800 1.09027E-02 4.71464E-02 
1400 1850 1.08960E-02 4.72359E-02 
1400 1900 1.08865E-02 4.72541E-02 
1400 1950 1.08834E-02 4.71587E-02 
1400 2000 1.08743E-02 4.71635E-02 
1400 2050 1.08769E-02 4.72223E-02 
1450 800 1.09321E-02 4.72164E-02 
1450 850 1.08980E-02 4.72901E-02 
1450 900 1.09028E-02 4.72828E-02 
1450 950 1.09103E-02 4.72041E-02 
1450 1000 1.08777E-02 4.73745E-02 
1450 1050 1.08877E-02 4.73662E-02 
1450 1100 1.09030E-02 4.72699E-02 
1450 1150 1.09236E-02 4.72937E-02 
1450 1200 1.09351E-02 4.73558E-02 
1450 1250 1.08947E-02 4.72830E-02 
1450 1300 1.09071E-02 4.73088E-02 
1450 1350 1.09019E-02 4.74187E-02 
1450 1400 1.08998E-02 4.73291E-02 
1450 1450 1.09129E-02 4.72686E-02 
1450 1500 1.09150E-02 4.73126E-02 
1450 1550 1.09093E-02 4.73890E-02 
1450 1600 1.09206E-02 4.72315E-02 
1450 1650 1.09394E-02 4.74592E-02 
1450 1700 1.09085E-02 4.72729E-02 
1450 1750 1.09120E-02 4.72820E-02 
1450 1800 1.09041E-02 4.72669E-02 
1450 1850 1.09131E-02 4.72814E-02 
1450 1900 1.09254E-02 4.73426E-02 
1450 1950 1.09209E-02 4.73211E-02 
1450 2000 1.09318E-02 4.73214E-02 
1450 2050 1.09277E-02 4.72745E-02 
1500 800 1.09495E-02 4.74345E-02 
1500 850 1.09564E-02 4.73811E-02 
1500 900 1.09366E-02 4.73579E-02 
1500 950 1.09376E-02 4.74947E-02 
1500 1000 1.09431E-02 4.75967E-02 
1500 1050 1.09367E-02 4.75836E-02 
1500 1100 1.09470E-02 4.73697E-02 
1500 1150 1.09409E-02 4.74873E-02 
1500 1200 1.09415E-02 4.74082E-02 
1500 1250 1.09540E-02 4.74244E-02 
1500 1300 1.09491E-02 4.74924E-02 
1500 1350 1.09361E-02 4.72846E-02 
1500 1400 1.09430E-02 4.73859E-02 
1500 1450 1.09357E-02 4.74018E-02 
1500 1500 1.09649E-02 4.74182E-02 
1500 1550 1.09340E-02 4.74100E-02 
1500 1600 1.09349E-02 4.73474E-02 
1500 1650 1.09385E-02 4.74252E-02 
1500 1700 1.09352E-02 4.74447E-02 
1500 1750 1.09422E-02 4.73264E-02 
1500 1800 1.09376E-02 4.73855E-02 
1500 1850 1.09430E-02 4.73733E-02 
1500 1900 1.09250E-02 4.73574E-02 
1500 1950 1.09455E-02 4.74359E-02 
1500 2000 1.09476E-02 4.73926E-02 
1500 2050 1.09505E-02 4.75616E-02 
1550 800 1.09785E-02 4.75297E-02 
1550 850 1.09759E-02 4.74198E-02 
1550 900 1.09734E-02 4.75241E-02 
1550 950 1.09802E-02 4.75729E-02 
1550 1000 1.09672E-02 4.75049E-02 
1550 1050 1.09826E-02 4.75639E-02 
1550 1100 1.09603E-02 4.74858E-02 
1550 1150 1.09600E-02 4.75346E-02 
1550 1200 1.09704E-02 4.75287E-02 
1550 1250 1.09898E-02 4.75159E-02 
1550 1300 1.09501E-02 4.75303E-02 
1550 1350 1.09797E-02 4.74146E-02 
1550 1400 1.09568E-02 4.75172E-02 
1550 1450 1.09611E-02 4.75920E-02 
1550 1500 1.09634E-02 4.76250E-02 
1550 1550 1.09643E-02 4.75213E-02 
1550 1600 1.09782E-02 4.75412E-02 
1550 1650 1.09558E-02 4.75694E-02 
1550 1700 1.09706E-02 4.75464E-02 
1550 1750 1.09643E-02 4.75197E-02 
1550 1800 1.09774E-02 4.75188E-02 
1550 1850 1.09871E-02 4.75323E-02 
1550 1900 1.09801E-02 4.76441E-02 
1550 1950 1.09668E-02 4.75786E-02 
1550 2000 1.09848E-02 4.75336E-02 
1550 2050 1.09672E-02 4.75198E-02 
1600 800 1.10049E-02 4.75365E-02 
1600 850 1.10052E-02 4.76028E-02 
1600 900 1.09993E-02 4.76960E-02 
1600 950 1.09949E-02 4.76639E-02 
1600 1000 1.10160E-02 4.77510E-02 
1600 1050 1.10231E-02 4.76808E-02 
1600 1100 1.09918E-02 4.76527E-02 
1600 1150 1.09853E-02 4.77594E-02 
1600 1200 1.09900E-02 4.77327E-02 
1600 1250 1.10013E-02 4.76366E-02 
1600 1300 1.10105E-02 4.75556E-02 
1600 1350 1.09969E-02 4.76691E-02 
1600 1400 1.10093E-02 4.75845E-02 
1600 1450 1.09820E-02 4.76266E-02 
1600 1500 1.09973E-02 4.76747E-02 
1600 1550 1.09845E-02 4.77362E-02 
1600 1600 1.09937E-02 4.75964E-02 
1600 1650 1.10069E-02 4.77188E-02 
1600 1700 1.09949E-02 4.77280E-02 
1600 1750 1.10014E-02 4.76561E-02 
1600 1800 1.09895E-02 4.76258E-02 
1600 1850 1.10201E-02 4.77381E-02 
1600 1900 1.10125E-02 4.76627E-02 
1600 1950 1.10048E-02 4.76718E-02 
1600 2000 1.09953E-02 4.75597E-02 
1600 2050 1.10125E-02 4.77749E-02 
1650 800 1.10351E-02 4.77093E-02 
1650 850 1.10256E-02 4.77158E-02 
1650 900 1.10282E-02 4.78368E-02 
1650 950 1.10132E-02 4.78253E-02 
1650 1000 1.10186E-02 4.77897E-02 
1650 1050 1.10318E-02 4.78427E-02 
1650 1100 1.10317E-02 4.79025E-02 
1650 1150 1.10149E-02 4.78054E-02 
1650 1200 1.10171E-02 4.78644E-02 
1650 1250 1.10264E-02 4.77137E-02 
1650 1300 1.10323E-02 4.77616E-02 
1650 1350 1.10280E-02 4.77107E-02 
1650 1400 1.10397E-02 4.77517E-02 
1650 1450 1.10383E-02 4.77606E-02 
1650 1500 1.10094E-02 4.78658E-02 
1650 1550 1.10350E-02 4.78058E-02 
1650 1600 1.10306E-02 4.77169E-02 
1650 1650 1.10247E-02 4.78398E-02 
1650 1700 1.10121E-02 4.77145E-02 
1650 1750 1.10366E-02 4.77197E-02 
1650 1800 1.10386E-02 4.78354E-02 
1650 1850 1.09989E-02 4.78258E-02 
1650 1900 1.10264E-02 4.77467E-02 
1650 1950 1.10001E-02 4.76919E-02 
1650 2000 1.10394E-02 4.77922E-02 
1650 2050 1.10350E-02 4.78329E-02 
1700 800 1.10711E-02 4.79588E-02 
1700 850 1.10536E-02 4.79582E-02 
1700 900 1.10540E-02 4.79832E-02 
1700 950 1.10496E-02 4.79711E-02 
1700 1000 1.10513E-02 4.78742E-02 
1700 1050 1.10475E-02 4.78949E-02 
1700 1100 1.10590E-02 4.78319E-02 
1700 1150 1.10457E-02 4.79229E-02 
1700 1200 1.10388E-02 4.79506E-02 
1700 1250 1.10636E-02 4.79635E-02 
1700 1300 1.10476E-02 4.79253E-02 
1700 1350 1.10637E-02 4.79910E-02 
1700 1400 1.10379E-02 4.79763E-02 
1700 1450 1.10673E-02 4.79023E-02 
1700 1500 1.10721E-02 4.79646E-02 
1700 1550 1.10542E-02 4.79339E-02 
1700 1600 1.10315E-02 4.78656E-02 
1700 1650 1.10620E-02 4.78963E-02 
1700 1700 1.10652E-02 4.79404E-02 
1700 1750 1.10502E-02 4.79021E-02 
1700 1800 1.10608E-02 4.78557E-02 
1700 1850 1.10483E-02 4.78755E-02 
1700 1900 1.10639E-02 4.79503E-02 
1700 1950 1.10476E-02 4.78583E-02 
1700 2000 1.10727E-02 4.79428E-02 
1700 2050 1.10540E-02 4.79596E-02 
1750 800 1.10961E-02 4.81189E-02 
1750 850 1.11092E-02 4.80310E-02 
1750 900 1.10856E-02 4.80838E-02 
1750 950 1.10736E-02 4.80248E-02 
1750 1000 1.10770E-02 4.80214E-02 
1750 1050 1.10931E-02 4.80846E-02 
1750 1100 1.10769E-02 4.81341E-02 
1750 1150 1.10827E-02 4.79995E-02 
1750 1200 1.10775E-02 4.81331E-02 
1750 1250 1.10843E-02 4.81093E-02 
1750 1300 1.10889E-02 4.80383E-02 
1750 1350 1.10789E-02 4.80679E-02 
1750 1400 1.10615E-02 4.80562E-02 
1750 1450 1.10682E-02 4.80525E-02 
1750 1500 1.10899E-02 4.81239E-02 
1750 1550 1.10775E-02 4.80875E-02 
1750 1600 1.10666E-02 4.81394E-02 
1750 1650 1.10844E-02 4.79837E-02 
1750 1700 1.10803E-02 4.80483E-02 
1750 1750 1.10833E-02 4.80730E-02 
1750 1800 1.10914E-02 4.80215E-02 
1750 1850 1.10799E-02 4.80860E-02 
1750 1900 1.10685E-02 4.80698E-02 
1750 1950 1.10893E-02 4.81045E-02 
1750 2000 1.10710E-02 4.80192E-02 
1750 2050 1.10817E-02 4.80132E-02 
1800 800 1.11392E-02 4.81182E-02 
1800 850 1.11265E-02 4.81581E-02 
1800 900 1.11086E-02 4.81414E-02 
1800 950 1.10877E-02 4.81993E-02 
1800 1000 1.10953E-02 4.81866E-02 
1800 1050 1.11059E-02 4.80616E-02 
1800 1100 1.11223E-02 4.82033E-02 
1800 1150 1.11094E-02 4.81847E-02 
1800 1200 1.11089E-02 4.82638E-02 
1800 1250 1.11130E-02 4.82559E-02 
1800 1300 1.10970E-02 4.81264E-02 
1800 1350 1.11199E-02 4.81988E-02 
1800 1400 1.11027E-02 4.81679E-02 
1800 1450 1.11238E-02 4.82972E-02 
1800 1500 1.11020E-02 4.82799E-02 
1800 1550 1.10939E-02 4.81801E-02 
1800 1600 1.11144E-02 4.81981E-02 
1800 1650 1.11076E-02 4.81096E-02 
1800 1700 1.11058E-02 4.82009E-02 
1800 1750 1.11253E-02 4.82989E-02 
1800 1800 1.11008E-02 4.83439E-02 
1800 1850 1.11088E-02 4.80662E-02 
1800 1900 1.10987E-02 4.81602E-02 
1800 1950 1.10927E-02 4.81261E-02 
1800 2000 1.11167E-02 4.81508E-02 
1800 2050 1.10851E-02 4.82328E-02 
1850 800 1.11530E-02 4.84238E-02 
1850 850 1.11535E-02 4.84528E-02 
1850 900 1.11372E-02 4.82967E-02 
1850 950 1.11126E-02 4.83617E-02 
1850 1000 1.11472E-02 4.83493E-02 
1850 1050 1.11413E-02 4.83535E-02 
1850 1100 1.11463E-02 4.83034E-02 
1850 1150 1.11124E-02 4.83450E-02 
1850 1200 1.11506E-02 4.84243E-02 
1850 1250 1.11476E-02 4.83477E-02 
1850 1300 1.11258E-02 4.82487E-02 
1850 1350 1.11431E-02 4.84237E-02 
1850 1400 1.11377E-02 4.83649E-02 
1850 1450 1.11270E-02 4.83350E-02 
1850 1500 1.11277E-02 4.82984E-02 
1850 1550 1.11414E-02 4.83970E-02 
1850 1600 1.11122E-02 4.84438E-02 
1850 1650 1.11324E-02 4.84370E-02 
1850 1700 1.11374E-02 4.83620E-02 
1850 1750 1.11270E-02 4.82629E-02 
1850 1800 1.11259E-02 4.84324E-02 
1850 1850 1.11372E-02 4.84126E-02 
1850 1900 1.11293E-02 4.83472E-02 
1850 1950 1.11467E-02 4.83400E-02 
1850 2000 1.11645E-02 4.83274E-02 
1850 2050 1.11264E-02 4.83947E-02 
1900 800 1.11728E-02 4.85244E-02 
1900 850 1.11685E-02 4.84545E-02 
1900 900 1.11702E-02 4.84298E-02 
1900 950 1.11257E-02 4.85146E-02 
1900 1000 1.11455E-02 4.86012E-02 
1900 1050 1.11799E-02 4.85686E-02 
1900 1100 1.11466E-02 4.85552E-02 
1900 1150 1.11706E-02 4.84884E-02 
1900 1200 1.11545E-02 4.84926E-02 
1900 1250 1.11691E-02 4.85324E-02 
1900 1300 1.11707E-02 4.84773E-02 
1900 1350 1.11503E-02 4.84709E-02 
1900 1400 1.11595E-02 4.85785E-02 
1900 1450 1.11547E-02 4.85040E-02 
1900 1500 1.11611E-02 4.83961E-02 
1900 1550 1.11754E-02 4.86121E-02 
1900 1600 1.11770E-02 4.85944E-02 
1900 1650 1.11438E-02 4.85764E-02 
1900 1700 1.11385E-02 4.83932E-02 
1900 1750 1.11642E-02 4.85473E-02 
1900 1800 1.11521E-02 4.86200E-02 
1900 1850 1.11499E-02 4.83670E-02 
1900 1900 1.11816E-02 4.85623E-02 
1900 1950 1.11567E-02 4.86029E-02 
1900 2000 1.11764E-02 4.84695E-02 
1900 2050 1.11623E-02 4.84560E-02 
1950 800 1.12150E-02 4.86860E-02 
1950 850 1.11931E-02 4.87506E-02 
1950 900 1.11988E-02 4.86078E-02 
1950 950 1.11596E-02 4.86398E-02 
1950 1000 1.12125E-02 4.87663E-02 
1950 1050 1.11928E-02 4.87671E-02 
1950 1100 1.11894E-02 4.87520E-02 
1950 1150 1.11883E-02 4.87273E-02 
1950 1200 1.12098E-02 4.86362E-02 
1950 1250 1.12070E-02 4.87801E-02 
1950 1300 1.11946E-02 4.87394E-02 
1950 1350 1.11960E-02 4.86820E-02 
1950 1400 1.11993E-02 4.86395E-02 
1950 1450 1.11956E-02 4.86974E-02 
1950 1500 1.12005E-02 4.86499E-02 
1950 1550 1.11679E-02 4.86933E-02 
1950 1600 1.11804E-02 4.87773E-02 
1950 1650 1.11817E-02 4.86355E-02 
1950 1700 1.11930E-02 4.86734E-02 
1950 1750 1.11995E-02 4.86863E-02 
1950 1800 1.11750E-02 4.86815E-02 
1950 1850 1.11748E-02 4.87649E-02 
1950 1900 1.11788E-02 4.87581E-02 
1950 1950 1.11835E-02 4.86256E-02 
1950 2000 1.12011E-02 4.86601E-02 
1950 2050 1.11874E-02 4.87253E-02 
2000 800 1.12402E-02 4.89214E-02 
2000 850 1.12306E-02 4.88147E-02 
2000 900 1.12355E-02 4.88605E-02 
2000 950 1.12016E-02 4.89341E-02 
2000 1000 1.12313E-02 4.88697E-02 
2000 1050 1.12287E-02 4.89291E-02 
2000 1100 1.12277E-02 4.88020E-02 
2000 1150 1.12260E-02 4.88915E-02 
2000 1200 1.12180E-02 4.87926E-02 
2000 1250 1.12217E-02 4.88810E-02 
2000 1300 1.12344E-02 4.88709E-02 
2000 1350 1.12229E-02 4.88739E-02 
2000 1400 1.12293E-02 4.89720E-02 
2000 1450 1.12284E-02 4.88789E-02 
2000 1500 1.12132E-02 4.87645E-02 
2000 1550 1.12253E-02 4.88845E-02 
2000 1600 1.12042E-02 4.88268E-02 
2000 1650 1.12457E-02 4.88522E-02 
2000 1700 1.12328E-02 4.89219E-02 
2000 1750 1.12221E-02 4.88476E-02 
2000 1800 1.12581E-02 4.89060E-02 
2000 1850 1.12181E-02 4.88922E-02 
2000 1900 1.12061E-02 4.89125E-02 
2000 1950 1.12163E-02 4.89644E-02 
2000 2000 1.12286E-02 4.88530E-02 
2000 2050 1.12235E-02 4.88814E-02 
2050 800 1.12458E-02 4.89895E-02 
2050 850 1.12393E-02 4.89103E-02 
2050 900 1.12170E-02 4.90655E-02 
2050 950 1.12286E-02 4.89944E-02 
2050 1000 1.12360E-02 4.89807E-02 
2050 1050 1.12180E-02 4.90850E-02 
2050 1100 1.12180E-02 4.89364E-02 
2050 1150 1.12435E-02 4.90246E-02 
2050 1200 1.12316E-02 4.89244E-02 
2050 1250 1.12319E-02 4.90580E-02 
2050 1300 1.12223E-02 4.89762E-02 
2050 1350 1.12422E-02 4.90218E-02 
2050 1400 1.12386E-02 4.90467E-02 
2050 1450 1.12239E-02 4.90848E-02 
2050 1500 1.12429E-02 4.90501E-02 
2050 1550 1.12412E-02 4.88233E-02 
2050 1600 1.12377E-02 4.89830E-02 
2050 1650 1.12420E-02 4.89100E-02 
2050 1700 1.12165E-02 4.89646E-02 
2050 1750 1.12456E-02 4.89303E-02 
2050 1800 1.12364E-02 4.90166E-02 
2050 1850 1.12373E-02 4.90003E-02 
2050 1900 1.12437E-02 4.89651E-02 
2050 1950 1.12295E-02 4.90702E-02 
2050 2000 1.12466E-02 4.90517E-02 
2050 2050 1.12287E-02 4.90533E-02 
