800 800 1.51435E+00 2.38598E+00 
800 850 1.51368E+00 2.33168E+00 
800 900 1.51596E+00 2.34936E+00 
800 950 1.50857E+00 2.35576E+00 
800 1000 1.52150E+00 2.34960E+00 
800 1050 1.51173E+00 2.32806E+00 
800 1100 1.51689E+00 2.37391E+00 
800 1150 1.50982E+00 2.35989E+00 
800 1200 1.50938E+00 2.31281E+00 
800 1250 1.50398E+00 2.36445E+00 
800 1300 1.51275E+00 2.31946E+00 
800 1350 1.51288E+00 2.33360E+00 
800 1400 1.50955E+00 2.33999E+00 
800 1450 1.51480E+00 2.34864E+00 
800 1500 1.51537E+00 2.35647E+00 
800 1550 1.51513E+00 2.34247E+00 
800 1600 1.51222E+00 2.35264E+00 
800 1650 1.51600E+00 2.34090E+00 
800 1700 1.51509E+00 2.32673E+00 
800 1750 1.51567E+00 2.36302E+00 
800 1800 1.51423E+00 2.34408E+00 
800 1850 1.51332E+00 2.33522E+00 
800 1900 1.51777E+00 2.35901E+00 
800 1950 1.51913E+00 2.38452E+00 
800 2000 1.51977E+00 2.36019E+00 
800 2050 1.51145E+00 2.33743E+00 
850 800 1.52204E+00 2.33940E+00 
850 850 1.51840E+00 2.34416E+00 
850 900 1.52622E+00 2.33141E+00 
850 950 1.51535E+00 2.30600E+00 
850 1000 1.52160E+00 2.37247E+00 
850 1050 1.51811E+00 2.33577E+00 
850 1100 1.52616E+00 2.33437E+00 
850 1150 1.51409E+00 2.34395E+00 
850 1200 1.51924E+00 2.33979E+00 
850 1250 1.51348E+00 2.32048E+00 
850 1300 1.52327E+00 2.30004E+00 
850 1350 1.51600E+00 2.33153E+00 
850 1400 1.51848E+00 2.32119E+00 
850 1450 1.51757E+00 2.37002E+00 
850 1500 1.51858E+00 2.37272E+00 
850 1550 1.52137E+00 2.35858E+00 
850 1600 1.52064E+00 2.33958E+00 
850 1650 1.52288E+00 2.31606E+00 
850 1700 1.52307E+00 2.34950E+00 
850 1750 1.52149E+00 2.35729E+00 
850 1800 1.52276E+00 2.36542E+00 
850 1850 1.51537E+00 2.33209E+00 
850 1900 1.51937E+00 2.33261E+00 
850 1950 1.51342E+00 2.32933E+00 
850 2000 1.52239E+00 2.36663E+00 
850 2050 1.52153E+00 2.34790E+00 
900 800 1.51967E+00 2.31807E+00 
900 850 1.52897E+00 2.31225E+00 
900 900 1.53096E+00 2.33447E+00 
900 950 1.52082E+00 2.35123E+00 
900 1000 1.51777E+00 2.32006E+00 
900 1050 1.52078E+00 2.30219E+00 
900 1100 1.52633E+00 2.32642E+00 
900 1150 1.52476E+00 2.33859E+00 
900 1200 1.52590E+00 2.30534E+00 
900 1250 1.52279E+00 2.31933E+00 
900 1300 1.52375E+00 2.29868E+00 
900 1350 1.53027E+00 2.31277E+00 
900 1400 1.53261E+00 2.30228E+00 
900 1450 1.52028E+00 2.32074E+00 
900 1500 1.52225E+00 2.31390E+00 
900 1550 1.52754E+00 2.31702E+00 
900 1600 1.52462E+00 2.33375E+00 
900 1650 1.52442E+00 2.32189E+00 
900 1700 1.52320E+00 2.35762E+00 
900 1750 1.52398E+00 2.33421E+00 
900 1800 1.52381E+00 2.32573E+00 
900 1850 1.52501E+00 2.33622E+00 
900 1900 1.52477E+00 2.32228E+00 
900 1950 1.52190E+00 2.33370E+00 
900 2000 1.52917E+00 2.31755E+00 
900 2050 1.52897E+00 2.29876E+00 
950 800 1.53780E+00 2.31871E+00 
950 850 1.53216E+00 2.29338E+00 
950 900 1.53395E+00 2.31619E+00 
950 950 1.53180E+00 2.30601E+00 
950 1000 1.52698E+00 2.34732E+00 
950 1050 1.53104E+00 2.33009E+00 
950 1100 1.52860E+00 2.31799E+00 
950 1150 1.53156E+00 2.36885E+00 
950 1200 1.53613E+00 2.32815E+00 
950 1250 1.52803E+00 2.31120E+00 
950 1300 1.52816E+00 2.32658E+00 
950 1350 1.53546E+00 2.32641E+00 
950 1400 1.53606E+00 2.31019E+00 
950 1450 1.53100E+00 2.31693E+00 
950 1500 1.52858E+00 2.32536E+00 
950 1550 1.53343E+00 2.29478E+00 
950 1600 1.53847E+00 2.30242E+00 
950 1650 1.53505E+00 2.30913E+00 
950 1700 1.53876E+00 2.33684E+00 
950 1750 1.52830E+00 2.31877E+00 
950 1800 1.53068E+00 2.29309E+00 
950 1850 1.52700E+00 2.33608E+00 
950 1900 1.53277E+00 2.32669E+00 
950 1950 1.53102E+00 2.29230E+00 
950 2000 1.53183E+00 2.29845E+00 
950 2050 1.52889E+00 2.30907E+00 
1000 800 1.54175E+00 2.28357E+00 
1000 850 1.53630E+00 2.32271E+00 
1000 900 1.53619E+00 2.32345E+00 
1000 950 1.54054E+00 2.29484E+00 
1000 1000 1.52783E+00 2.30623E+00 
1000 1050 1.53921E+00 2.35042E+00 
1000 1100 1.53608E+00 2.28750E+00 
1000 1150 1.53438E+00 2.32445E+00 
1000 1200 1.53730E+00 2.30764E+00 
1000 1250 1.54156E+00 2.29803E+00 
1000 1300 1.54006E+00 2.31210E+00 
1000 1350 1.53716E+00 2.31411E+00 
1000 1400 1.53961E+00 2.27880E+00 
1000 1450 1.54080E+00 2.28300E+00 
1000 1500 1.53635E+00 2.30023E+00 
1000 1550 1.53688E+00 2.29036E+00 
1000 1600 1.54021E+00 2.29408E+00 
1000 1650 1.53744E+00 2.31323E+00 
1000 1700 1.53771E+00 2.32552E+00 
1000 1750 1.54370E+00 2.31355E+00 
1000 1800 1.53969E+00 2.30988E+00 
1000 1850 1.53697E+00 2.30593E+00 
1000 1900 1.53969E+00 2.31162E+00 
1000 1950 1.54061E+00 2.30114E+00 
1000 2000 1.53914E+00 2.28430E+00 
1000 2050 1.53708E+00 2.30787E+00 
1050 800 1.54337E+00 2.25619E+00 
1050 850 1.54852E+00 2.29734E+00 
1050 900 1.54495E+00 2.28311E+00 
1050 950 1.54181E+00 2.29079E+00 
1050 1000 1.53735E+00 2.28245E+00 
1050 1050 1.53729E+00 2.27800E+00 
1050 1100 1.54309E+00 2.29497E+00 
1050 1150 1.53949E+00 2.29288E+00 
1050 1200 1.54988E+00 2.25939E+00 
1050 1250 1.54352E+00 2.31050E+00 
1050 1300 1.54467E+00 2.27714E+00 
1050 1350 1.54046E+00 2.25622E+00 
1050 1400 1.54238E+00 2.27957E+00 
1050 1450 1.54654E+00 2.27288E+00 
1050 1500 1.54673E+00 2.32444E+00 
1050 1550 1.54816E+00 2.28982E+00 
1050 1600 1.54101E+00 2.32169E+00 
1050 1650 1.54382E+00 2.28672E+00 
1050 1700 1.54188E+00 2.31045E+00 
1050 1750 1.54436E+00 2.29467E+00 
1050 1800 1.54024E+00 2.30220E+00 
1050 1850 1.54061E+00 2.29508E+00 
1050 1900 1.54523E+00 2.25636E+00 
1050 1950 1.54115E+00 2.31022E+00 
1050 2000 1.55066E+00 2.29680E+00 
1050 2050 1.54497E+00 2.29409E+00 
1100 800 1.54583E+00 2.25261E+00 
1100 850 1.54655E+00 2.25021E+00 
1100 900 1.55747E+00 2.28917E+00 
1100 950 1.54826E+00 2.33452E+00 
1100 1000 1.55227E+00 2.28958E+00 
1100 1050 1.54831E+00 2.27681E+00 
1100 1100 1.55199E+00 2.32629E+00 
1100 1150 1.55510E+00 2.27630E+00 
1100 1200 1.55183E+00 2.26482E+00 
1100 1250 1.54880E+00 2.27137E+00 
1100 1300 1.55684E+00 2.28860E+00 
1100 1350 1.55110E+00 2.30556E+00 
1100 1400 1.54882E+00 2.27384E+00 
1100 1450 1.54918E+00 2.28364E+00 
1100 1500 1.55487E+00 2.30353E+00 
1100 1550 1.55077E+00 2.28645E+00 
1100 1600 1.54819E+00 2.25292E+00 
1100 1650 1.55321E+00 2.28957E+00 
1100 1700 1.54760E+00 2.27085E+00 
1100 1750 1.55284E+00 2.26972E+00 
1100 1800 1.54727E+00 2.27251E+00 
1100 1850 1.54491E+00 2.27767E+00 
1100 1900 1.55233E+00 2.27537E+00 
1100 1950 1.54555E+00 2.29843E+00 
1100 2000 1.55050E+00 2.28338E+00 
1100 2050 1.55017E+00 2.25693E+00 
1150 800 1.55805E+00 2.25009E+00 
1150 850 1.55669E+00 2.27022E+00 
1150 900 1.54966E+00 2.23285E+00 
1150 950 1.55428E+00 2.24233E+00 
1150 1000 1.55240E+00 2.23189E+00 
1150 1050 1.55291E+00 2.30217E+00 
1150 1100 1.55602E+00 2.21398E+00 
1150 1150 1.55005E+00 2.24326E+00 
1150 1200 1.54985E+00 2.28111E+00 
1150 1250 1.55260E+00 2.26096E+00 
1150 1300 1.55606E+00 2.25236E+00 
1150 1350 1.55210E+00 2.28657E+00 
1150 1400 1.55913E+00 2.29395E+00 
1150 1450 1.55468E+00 2.22631E+00 
1150 1500 1.54875E+00 2.24668E+00 
1150 1550 1.55324E+00 2.27857E+00 
1150 1600 1.55814E+00 2.26715E+00 
1150 1650 1.54880E+00 2.28641E+00 
1150 1700 1.55316E+00 2.26281E+00 
1150 1750 1.55314E+00 2.26941E+00 
1150 1800 1.55723E+00 2.27358E+00 
1150 1850 1.55738E+00 2.26986E+00 
1150 1900 1.55564E+00 2.27209E+00 
1150 1950 1.55436E+00 2.27833E+00 
1150 2000 1.55037E+00 2.26932E+00 
1150 2050 1.56285E+00 2.29462E+00 
1200 800 1.56103E+00 2.25268E+00 
1200 850 1.55820E+00 2.26413E+00 
1200 900 1.55643E+00 2.28080E+00 
1200 950 1.56132E+00 2.26414E+00 
1200 1000 1.56579E+00 2.28336E+00 
1200 1050 1.55904E+00 2.25633E+00 
1200 1100 1.55958E+00 2.27458E+00 
1200 1150 1.56279E+00 2.23513E+00 
1200 1200 1.56258E+00 2.23551E+00 
1200 1250 1.56096E+00 2.24899E+00 
1200 1300 1.55783E+00 2.25951E+00 
1200 1350 1.55675E+00 2.22338E+00 
1200 1400 1.56115E+00 2.25959E+00 
1200 1450 1.55986E+00 2.25610E+00 
1200 1500 1.56425E+00 2.26807E+00 
1200 1550 1.55909E+00 2.23939E+00 
1200 1600 1.55650E+00 2.27683E+00 
1200 1650 1.55925E+00 2.27559E+00 
1200 1700 1.55962E+00 2.25833E+00 
1200 1750 1.55980E+00 2.24506E+00 
1200 1800 1.55681E+00 2.23971E+00 
1200 1850 1.55983E+00 2.25375E+00 
1200 1900 1.56203E+00 2.25795E+00 
1200 1950 1.56047E+00 2.23035E+00 
1200 2000 1.56200E+00 2.24242E+00 
1200 2050 1.55761E+00 2.22899E+00 
1250 800 1.56609E+00 2.26746E+00 
1250 850 1.56103E+00 2.25968E+00 
1250 900 1.56557E+00 2.25086E+00 
1250 950 1.56780E+00 2.21740E+00 
1250 1000 1.56373E+00 2.26260E+00 
1250 1050 1.55945E+00 2.26781E+00 
1250 1100 1.56358E+00 2.25959E+00 
1250 1150 1.55989E+00 2.24500E+00 
1250 1200 1.56496E+00 2.21736E+00 
1250 1250 1.56265E+00 2.20879E+00 
1250 1300 1.56132E+00 2.24766E+00 
1250 1350 1.57138E+00 2.28450E+00 
1250 1400 1.57290E+00 2.22134E+00 
1250 1450 1.56039E+00 2.24025E+00 
1250 1500 1.56498E+00 2.25055E+00 
1250 1550 1.56058E+00 2.23865E+00 
1250 1600 1.56635E+00 2.24129E+00 
1250 1650 1.56431E+00 2.23447E+00 
1250 1700 1.55943E+00 2.27982E+00 
1250 1750 1.56312E+00 2.26810E+00 
1250 1800 1.56594E+00 2.25783E+00 
1250 1850 1.56162E+00 2.25116E+00 
1250 1900 1.56629E+00 2.24909E+00 
1250 1950 1.56347E+00 2.25047E+00 
1250 2000 1.56579E+00 2.24719E+00 
1250 2050 1.56113E+00 2.21555E+00 
1300 800 1.56225E+00 2.20248E+00 
1300 850 1.56481E+00 2.21993E+00 
1300 900 1.56910E+00 2.25086E+00 
1300 950 1.56512E+00 2.26609E+00 
1300 1000 1.56832E+00 2.22723E+00 
1300 1050 1.56639E+00 2.22177E+00 
1300 1100 1.57433E+00 2.23203E+00 
1300 1150 1.57150E+00 2.23835E+00 
1300 1200 1.57724E+00 2.24103E+00 
1300 1250 1.57056E+00 2.25969E+00 
1300 1300 1.57344E+00 2.20979E+00 
1300 1350 1.57446E+00 2.21678E+00 
1300 1400 1.56647E+00 2.23265E+00 
1300 1450 1.57087E+00 2.23543E+00 
1300 1500 1.57064E+00 2.26039E+00 
1300 1550 1.56548E+00 2.23139E+00 
1300 1600 1.56715E+00 2.23457E+00 
1300 1650 1.57204E+00 2.23558E+00 
1300 1700 1.57362E+00 2.26377E+00 
1300 1750 1.56611E+00 2.24446E+00 
1300 1800 1.56647E+00 2.23155E+00 
1300 1850 1.56891E+00 2.20994E+00 
1300 1900 1.57089E+00 2.22576E+00 
1300 1950 1.56848E+00 2.25280E+00 
1300 2000 1.56938E+00 2.22101E+00 
1300 2050 1.56806E+00 2.26569E+00 
1350 800 1.57412E+00 2.21939E+00 
1350 850 1.57825E+00 2.24253E+00 
1350 900 1.57345E+00 2.27436E+00 
1350 950 1.56853E+00 2.20978E+00 
1350 1000 1.57241E+00 2.24222E+00 
1350 1050 1.57651E+00 2.24259E+00 
1350 1100 1.57437E+00 2.23013E+00 
1350 1150 1.58533E+00 2.25571E+00 
1350 1200 1.57712E+00 2.24262E+00 
1350 1250 1.57086E+00 2.20066E+00 
1350 1300 1.57612E+00 2.27703E+00 
1350 1350 1.57189E+00 2.24476E+00 
1350 1400 1.57057E+00 2.22562E+00 
1350 1450 1.57231E+00 2.21959E+00 
1350 1500 1.57528E+00 2.22663E+00 
1350 1550 1.57469E+00 2.25882E+00 
1350 1600 1.56982E+00 2.22316E+00 
1350 1650 1.57311E+00 2.23184E+00 
1350 1700 1.57041E+00 2.22305E+00 
1350 1750 1.57342E+00 2.20200E+00 
1350 1800 1.57635E+00 2.20857E+00 
1350 1850 1.57713E+00 2.21200E+00 
1350 1900 1.57781E+00 2.25737E+00 
1350 1950 1.56980E+00 2.21320E+00 
1350 2000 1.57470E+00 2.24185E+00 
1350 2050 1.56737E+00 2.23330E+00 
1400 800 1.57579E+00 2.19523E+00 
1400 850 1.58381E+00 2.18752E+00 
1400 900 1.57510E+00 2.22695E+00 
1400 950 1.58669E+00 2.21821E+00 
1400 1000 1.57727E+00 2.24925E+00 
1400 1050 1.57578E+00 2.19513E+00 
1400 1100 1.58215E+00 2.23471E+00 
1400 1150 1.57739E+00 2.22819E+00 
1400 1200 1.57844E+00 2.22171E+00 
1400 1250 1.57473E+00 2.23416E+00 
1400 1300 1.57699E+00 2.26587E+00 
1400 1350 1.58120E+00 2.22279E+00 
1400 1400 1.57979E+00 2.20240E+00 
1400 1450 1.58649E+00 2.25751E+00 
1400 1500 1.58194E+00 2.19089E+00 
1400 1550 1.57961E+00 2.22340E+00 
1400 1600 1.57955E+00 2.19920E+00 
1400 1650 1.57771E+00 2.23720E+00 
1400 1700 1.57683E+00 2.23421E+00 
1400 1750 1.57980E+00 2.20673E+00 
1400 1800 1.57917E+00 2.18626E+00 
1400 1850 1.58061E+00 2.22831E+00 
1400 1900 1.57750E+00 2.19840E+00 
1400 1950 1.58133E+00 2.23107E+00 
1400 2000 1.57848E+00 2.23195E+00 
1400 2050 1.57457E+00 2.22713E+00 
1450 800 1.58184E+00 2.24652E+00 
1450 850 1.58264E+00 2.24063E+00 
1450 900 1.58275E+00 2.19413E+00 
1450 950 1.57813E+00 2.18574E+00 
1450 1000 1.57558E+00 2.21327E+00 
1450 1050 1.58339E+00 2.20312E+00 
1450 1100 1.58449E+00 2.19464E+00 
1450 1150 1.59175E+00 2.17652E+00 
1450 1200 1.58995E+00 2.22610E+00 
1450 1250 1.58197E+00 2.21376E+00 
1450 1300 1.58305E+00 2.14434E+00 
1450 1350 1.57394E+00 2.22470E+00 
1450 1400 1.57651E+00 2.21440E+00 
1450 1450 1.58514E+00 2.20638E+00 
1450 1500 1.58337E+00 2.19467E+00 
1450 1550 1.58166E+00 2.19498E+00 
1450 1600 1.58553E+00 2.19533E+00 
1450 1650 1.58275E+00 2.19615E+00 
1450 1700 1.58665E+00 2.22614E+00 
1450 1750 1.58371E+00 2.22680E+00 
1450 1800 1.58264E+00 2.21657E+00 
1450 1850 1.57960E+00 2.19420E+00 
1450 1900 1.59015E+00 2.21971E+00 
1450 1950 1.58367E+00 2.20797E+00 
1450 2000 1.58453E+00 2.21489E+00 
1450 2050 1.58351E+00 2.18551E+00 
1500 800 1.58349E+00 2.18257E+00 
1500 850 1.58731E+00 2.17845E+00 
1500 900 1.58217E+00 2.20714E+00 
1500 950 1.58573E+00 2.20444E+00 
1500 1000 1.58882E+00 2.17644E+00 
1500 1050 1.58230E+00 2.18639E+00 
1500 1100 1.58941E+00 2.18894E+00 
1500 1150 1.58882E+00 2.18239E+00 
1500 1200 1.58707E+00 2.22026E+00 
1500 1250 1.58394E+00 2.19839E+00 
1500 1300 1.59376E+00 2.19663E+00 
1500 1350 1.58653E+00 2.20829E+00 
1500 1400 1.58760E+00 2.20411E+00 
1500 1450 1.58853E+00 2.18248E+00 
1500 1500 1.59388E+00 2.19359E+00 
1500 1550 1.58567E+00 2.18712E+00 
1500 1600 1.58765E+00 2.18777E+00 
1500 1650 1.58727E+00 2.19455E+00 
1500 1700 1.58538E+00 2.19263E+00 
1500 1750 1.58688E+00 2.20455E+00 
1500 1800 1.58732E+00 2.21215E+00 
1500 1850 1.58314E+00 2.22274E+00 
1500 1900 1.58624E+00 2.19450E+00 
1500 1950 1.58662E+00 2.16717E+00 
1500 2000 1.58596E+00 2.18604E+00 
1500 2050 1.58517E+00 2.20331E+00 
1550 800 1.59104E+00 2.17721E+00 
1550 850 1.58695E+00 2.20706E+00 
1550 900 1.59191E+00 2.18861E+00 
1550 950 1.59430E+00 2.20567E+00 
1550 1000 1.58931E+00 2.21234E+00 
1550 1050 1.59391E+00 2.19376E+00 
1550 1100 1.59071E+00 2.19568E+00 
1550 1150 1.58516E+00 2.19691E+00 
1550 1200 1.59311E+00 2.18482E+00 
1550 1250 1.58995E+00 2.19238E+00 
1550 1300 1.58642E+00 2.19577E+00 
1550 1350 1.59107E+00 2.18883E+00 
1550 1400 1.58834E+00 2.20901E+00 
1550 1450 1.58578E+00 2.20371E+00 
1550 1500 1.59687E+00 2.22352E+00 
1550 1550 1.59532E+00 2.18591E+00 
1550 1600 1.59090E+00 2.21417E+00 
1550 1650 1.58897E+00 2.17216E+00 
1550 1700 1.58964E+00 2.17843E+00 
1550 1750 1.59013E+00 2.18810E+00 
1550 1800 1.59762E+00 2.20539E+00 
1550 1850 1.59592E+00 2.19639E+00 
1550 1900 1.59431E+00 2.18979E+00 
1550 1950 1.58688E+00 2.20753E+00 
1550 2000 1.59070E+00 2.21545E+00 
1550 2050 1.58990E+00 2.17600E+00 
1600 800 1.59632E+00 2.18332E+00 
1600 850 1.59637E+00 2.16331E+00 
1600 900 1.59001E+00 2.18135E+00 
1600 950 1.58964E+00 2.18108E+00 
1600 1000 1.59714E+00 2.17698E+00 
1600 1050 1.59782E+00 2.18497E+00 
1600 1100 1.59257E+00 2.19437E+00 
1600 1150 1.59364E+00 2.19539E+00 
1600 1200 1.59082E+00 2.16756E+00 
1600 1250 1.59402E+00 2.19336E+00 
1600 1300 1.59463E+00 2.16892E+00 
1600 1350 1.59216E+00 2.18627E+00 
1600 1400 1.60025E+00 2.20761E+00 
1600 1450 1.59579E+00 2.17517E+00 
1600 1500 1.59433E+00 2.22335E+00 
1600 1550 1.59403E+00 2.19564E+00 
1600 1600 1.59431E+00 2.17297E+00 
1600 1650 1.60001E+00 2.20093E+00 
1600 1700 1.59312E+00 2.18363E+00 
1600 1750 1.59931E+00 2.19188E+00 
1600 1800 1.59651E+00 2.19620E+00 
1600 1850 1.60165E+00 2.17496E+00 
1600 1900 1.59765E+00 2.18694E+00 
1600 1950 1.59445E+00 2.19249E+00 
1600 2000 1.59205E+00 2.16613E+00 
1600 2050 1.59658E+00 2.18681E+00 
1650 800 1.59971E+00 2.18140E+00 
1650 850 1.59751E+00 2.16976E+00 
1650 900 1.59798E+00 2.15843E+00 
1650 950 1.59840E+00 2.19221E+00 
1650 1000 1.59771E+00 2.17365E+00 
1650 1050 1.60329E+00 2.18737E+00 
1650 1100 1.59456E+00 2.17757E+00 
1650 1150 1.59524E+00 2.17322E+00 
1650 1200 1.59680E+00 2.17927E+00 
1650 1250 1.59970E+00 2.17214E+00 
1650 1300 1.60332E+00 2.17744E+00 
1650 1350 1.59665E+00 2.16550E+00 
1650 1400 1.60265E+00 2.18952E+00 
1650 1450 1.60085E+00 2.15137E+00 
1650 1500 1.60105E+00 2.19375E+00 
1650 1550 1.59610E+00 2.17936E+00 
1650 1600 1.60047E+00 2.15375E+00 
1650 1650 1.59758E+00 2.18994E+00 
1650 1700 1.59858E+00 2.17592E+00 
1650 1750 1.60141E+00 2.19807E+00 
1650 1800 1.60007E+00 2.17975E+00 
1650 1850 1.59332E+00 2.18382E+00 
1650 1900 1.59558E+00 2.18437E+00 
1650 1950 1.59813E+00 2.21805E+00 
1650 2000 1.59888E+00 2.18955E+00 
1650 2050 1.60167E+00 2.19987E+00 
1700 800 1.60425E+00 2.19293E+00 
1700 850 1.60561E+00 2.18296E+00 
1700 900 1.60503E+00 2.15649E+00 
1700 950 1.60288E+00 2.17252E+00 
1700 1000 1.60126E+00 2.17938E+00 
1700 1050 1.59561E+00 2.18832E+00 
1700 1100 1.60119E+00 2.19019E+00 
1700 1150 1.60467E+00 2.18393E+00 
1700 1200 1.59577E+00 2.17543E+00 
1700 1250 1.60655E+00 2.20021E+00 
1700 1300 1.60330E+00 2.18081E+00 
1700 1350 1.60814E+00 2.15534E+00 
1700 1400 1.59597E+00 2.14797E+00 
1700 1450 1.60450E+00 2.16523E+00 
1700 1500 1.60663E+00 2.16148E+00 
1700 1550 1.59964E+00 2.16971E+00 
1700 1600 1.59792E+00 2.16319E+00 
1700 1650 1.60466E+00 2.19141E+00 
1700 1700 1.60161E+00 2.17602E+00 
1700 1750 1.60133E+00 2.18776E+00 
1700 1800 1.60105E+00 2.17282E+00 
1700 1850 1.60205E+00 2.19510E+00 
1700 1900 1.60755E+00 2.17029E+00 
1700 1950 1.60653E+00 2.18104E+00 
1700 2000 1.60569E+00 2.17267E+00 
1700 2050 1.60315E+00 2.17929E+00 
1750 800 1.60706E+00 2.17192E+00 
1750 850 1.61511E+00 2.15305E+00 
1750 900 1.60387E+00 2.14648E+00 
1750 950 1.61232E+00 2.13654E+00 
1750 1000 1.60832E+00 2.15616E+00 
1750 1050 1.60809E+00 2.17540E+00 
1750 1100 1.60361E+00 2.16365E+00 
1750 1150 1.60630E+00 2.17629E+00 
1750 1200 1.60453E+00 2.17723E+00 
1750 1250 1.60777E+00 2.18034E+00 
1750 1300 1.60732E+00 2.17710E+00 
1750 1350 1.60970E+00 2.18635E+00 
1750 1400 1.60050E+00 2.15662E+00 
1750 1450 1.60678E+00 2.18153E+00 
1750 1500 1.60753E+00 2.18204E+00 
1750 1550 1.60139E+00 2.16422E+00 
1750 1600 1.60361E+00 2.17946E+00 
1750 1650 1.60545E+00 2.17007E+00 
1750 1700 1.60566E+00 2.18358E+00 
1750 1750 1.60835E+00 2.16946E+00 
1750 1800 1.60281E+00 2.15918E+00 
1750 1850 1.61211E+00 2.18607E+00 
1750 1900 1.60914E+00 2.14862E+00 
1750 1950 1.60678E+00 2.16342E+00 
1750 2000 1.60473E+00 2.15521E+00 
1750 2050 1.60680E+00 2.16413E+00 
1800 800 1.61790E+00 2.14710E+00 
1800 850 1.61403E+00 2.14599E+00 
1800 900 1.60949E+00 2.17800E+00 
1800 950 1.60490E+00 2.16503E+00 
1800 1000 1.60689E+00 2.13973E+00 
1800 1050 1.61436E+00 2.17065E+00 
1800 1100 1.61016E+00 2.15771E+00 
1800 1150 1.61082E+00 2.16174E+00 
1800 1200 1.61461E+00 2.15051E+00 
1800 1250 1.61145E+00 2.14192E+00 
1800 1300 1.61044E+00 2.16626E+00 
1800 1350 1.61307E+00 2.15594E+00 
1800 1400 1.61044E+00 2.14859E+00 
1800 1450 1.61240E+00 2.17619E+00 
1800 1500 1.61094E+00 2.18107E+00 
1800 1550 1.60726E+00 2.14721E+00 
1800 1600 1.61267E+00 2.18091E+00 
1800 1650 1.60663E+00 2.16584E+00 
1800 1700 1.61264E+00 2.14915E+00 
1800 1750 1.61231E+00 2.15925E+00 
1800 1800 1.61111E+00 2.17341E+00 
1800 1850 1.60620E+00 2.17621E+00 
1800 1900 1.60483E+00 2.17636E+00 
1800 1950 1.60422E+00 2.16129E+00 
1800 2000 1.61387E+00 2.16214E+00 
1800 2050 1.60742E+00 2.14982E+00 
1850 800 1.61443E+00 2.14596E+00 
1850 850 1.61928E+00 2.14771E+00 
1850 900 1.60891E+00 2.14708E+00 
1850 950 1.60754E+00 2.17105E+00 
1850 1000 1.61002E+00 2.15273E+00 
1850 1050 1.61089E+00 2.16643E+00 
1850 1100 1.61426E+00 2.14067E+00 
1850 1150 1.61339E+00 2.15407E+00 
1850 1200 1.60989E+00 2.18335E+00 
1850 1250 1.62066E+00 2.16029E+00 
1850 1300 1.61751E+00 2.15410E+00 
1850 1350 1.61447E+00 2.18473E+00 
1850 1400 1.61159E+00 2.14361E+00 
1850 1450 1.61174E+00 2.18845E+00 
1850 1500 1.61655E+00 2.14698E+00 
1850 1550 1.61221E+00 2.16255E+00 
1850 1600 1.61533E+00 2.12613E+00 
1850 1650 1.61333E+00 2.15137E+00 
1850 1700 1.61239E+00 2.12930E+00 
1850 1750 1.61598E+00 2.16182E+00 
1850 1800 1.61519E+00 2.17646E+00 
1850 1850 1.61089E+00 2.16380E+00 
1850 1900 1.61082E+00 2.15051E+00 
1850 1950 1.61485E+00 2.17011E+00 
1850 2000 1.62252E+00 2.17020E+00 
1850 2050 1.61948E+00 2.16361E+00 
1900 800 1.61854E+00 2.13608E+00 
1900 850 1.61774E+00 2.15576E+00 
1900 900 1.61873E+00 2.16575E+00 
1900 950 1.61504E+00 2.16400E+00 
1900 1000 1.61409E+00 2.15685E+00 
1900 1050 1.61296E+00 2.15321E+00 
1900 1100 1.61872E+00 2.14022E+00 
1900 1150 1.61933E+00 2.14820E+00 
1900 1200 1.61893E+00 2.16166E+00 
1900 1250 1.61735E+00 2.14664E+00 
1900 1300 1.61829E+00 2.12751E+00 
1900 1350 1.61834E+00 2.12798E+00 
1900 1400 1.61668E+00 2.15374E+00 
1900 1450 1.61714E+00 2.13847E+00 
1900 1500 1.61667E+00 2.13925E+00 
1900 1550 1.61469E+00 2.17260E+00 
1900 1600 1.61619E+00 2.15635E+00 
1900 1650 1.61362E+00 2.14851E+00 
1900 1700 1.61799E+00 2.16576E+00 
1900 1750 1.61570E+00 2.16145E+00 
1900 1800 1.61358E+00 2.15307E+00 
1900 1850 1.62045E+00 2.12531E+00 
1900 1900 1.61714E+00 2.15688E+00 
1900 1950 1.61765E+00 2.16550E+00 
1900 2000 1.62290E+00 2.14149E+00 
1900 2050 1.62152E+00 2.14204E+00 
1950 800 1.62496E+00 2.13993E+00 
1950 850 1.62319E+00 2.14830E+00 
1950 900 1.62104E+00 2.16977E+00 
1950 950 1.61670E+00 2.13389E+00 
1950 1000 1.62466E+00 2.15555E+00 
1950 1050 1.62341E+00 2.11788E+00 
1950 1100 1.62237E+00 2.12647E+00 
1950 1150 1.62093E+00 2.17403E+00 
1950 1200 1.62496E+00 2.12325E+00 
1950 1250 1.62402E+00 2.14894E+00 
1950 1300 1.61648E+00 2.14590E+00 
1950 1350 1.61905E+00 2.15269E+00 
1950 1400 1.62136E+00 2.13993E+00 
1950 1450 1.61803E+00 2.13760E+00 
1950 1500 1.62265E+00 2.13806E+00 
1950 1550 1.61886E+00 2.13019E+00 
1950 1600 1.61628E+00 2.14407E+00 
1950 1650 1.62281E+00 2.14103E+00 
1950 1700 1.62241E+00 2.15484E+00 
1950 1750 1.62214E+00 2.16219E+00 
1950 1800 1.61833E+00 2.13022E+00 
1950 1850 1.62099E+00 2.14048E+00 
1950 1900 1.62245E+00 2.16794E+00 
1950 1950 1.61859E+00 2.14864E+00 
1950 2000 1.62650E+00 2.14429E+00 
1950 2050 1.62083E+00 2.14333E+00 
2000 800 1.62260E+00 2.15974E+00 
2000 850 1.62377E+00 2.14435E+00 
2000 900 1.62331E+00 2.16059E+00 
2000 950 1.62175E+00 2.14816E+00 
2000 1000 1.62937E+00 2.13098E+00 
2000 1050 1.62415E+00 2.12895E+00 
2000 1100 1.62508E+00 2.13274E+00 
2000 1150 1.62362E+00 2.12213E+00 
2000 1200 1.62722E+00 2.16695E+00 
2000 1250 1.62584E+00 2.13684E+00 
2000 1300 1.62783E+00 2.14995E+00 
2000 1350 1.62401E+00 2.13400E+00 
2000 1400 1.62422E+00 2.16082E+00 
2000 1450 1.62075E+00 2.13166E+00 
2000 1500 1.62494E+00 2.16587E+00 
2000 1550 1.62466E+00 2.13735E+00 
2000 1600 1.62152E+00 2.12910E+00 
2000 1650 1.62986E+00 2.15098E+00 
2000 1700 1.62896E+00 2.12792E+00 
2000 1750 1.62411E+00 2.15048E+00 
2000 1800 1.63459E+00 2.12417E+00 
2000 1850 1.62874E+00 2.14585E+00 
2000 1900 1.62474E+00 2.15978E+00 
2000 1950 1.62193E+00 2.12949E+00 
2000 2000 1.63038E+00 2.16329E+00 
2000 2050 1.62595E+00 2.14474E+00 
2050 800 1.63003E+00 2.15517E+00 
2050 850 1.62550E+00 2.13771E+00 
2050 900 1.61854E+00 2.08946E+00 
2050 950 1.62407E+00 2.14543E+00 
2050 1000 1.62815E+00 2.13870E+00 
2050 1050 1.62257E+00 2.11220E+00 
2050 1100 1.62313E+00 2.15287E+00 
2050 1150 1.62721E+00 2.13549E+00 
2050 1200 1.62490E+00 2.14750E+00 
2050 1250 1.62930E+00 2.12988E+00 
2050 1300 1.62991E+00 2.13149E+00 
2050 1350 1.62555E+00 2.11716E+00 
2050 1400 1.62540E+00 2.13904E+00 
2050 1450 1.62491E+00 2.14224E+00 
2050 1500 1.62960E+00 2.14813E+00 
2050 1550 1.62944E+00 2.13826E+00 
2050 1600 1.63242E+00 2.12844E+00 
2050 1650 1.62675E+00 2.13535E+00 
2050 1700 1.62593E+00 2.14188E+00 
2050 1750 1.62601E+00 2.14426E+00 
2050 1800 1.62728E+00 2.11650E+00 
2050 1850 1.62695E+00 2.12183E+00 
2050 1900 1.62393E+00 2.12527E+00 
2050 1950 1.62685E+00 2.14870E+00 
2050 2000 1.62859E+00 2.13889E+00 
2050 2050 1.62766E+00 2.13207E+00 
