800 2.10501E-03 3.78382E-02 
850 2.08308E-03 3.71456E-02 
900 2.05675E-03 3.65067E-02 
950 2.02987E-03 3.59142E-02 
1000 2.00605E-03 3.52830E-02 
1050 1.98218E-03 3.46989E-02 
1100 1.95465E-03 3.40778E-02 
1150 1.92654E-03 3.34992E-02 
1200 1.90234E-03 3.29000E-02 
1250 1.87777E-03 3.23717E-02 
1300 1.85122E-03 3.18491E-02 
1350 1.82571E-03 3.12978E-02 
1400 1.80164E-03 3.07491E-02 
1450 1.77674E-03 3.02483E-02 
1500 1.75109E-03 2.97163E-02 
1550 1.72570E-03 2.92209E-02 
1600 1.70039E-03 2.87052E-02 
1650 1.67297E-03 2.82168E-02 
1700 1.64927E-03 2.77071E-02 
1750 1.62415E-03 2.72239E-02 
1800 1.59584E-03 2.67452E-02 
1850 1.57132E-03 2.62762E-02 
1900 1.54739E-03 2.58101E-02 
1950 1.51893E-03 2.53754E-02 
2000 1.49448E-03 2.49030E-02 
