800 2.48946E+00 2.48771E+00 
850 2.48946E+00 2.48771E+00 
900 2.48949E+00 2.48771E+00 
950 2.48948E+00 2.48771E+00 
1000 2.48947E+00 2.48771E+00 
1050 2.48948E+00 2.48771E+00 
1100 2.48950E+00 2.48771E+00 
1150 2.48950E+00 2.48771E+00 
1200 2.48951E+00 2.48771E+00 
1250 2.48950E+00 2.48771E+00 
1300 2.48953E+00 2.48771E+00 
1350 2.48951E+00 2.48771E+00 
1400 2.48953E+00 2.48771E+00 
1450 2.48951E+00 2.48771E+00 
1500 2.48953E+00 2.48771E+00 
1550 2.48953E+00 2.48771E+00 
1600 2.48953E+00 2.48771E+00 
1650 2.48955E+00 2.48771E+00 
1700 2.48957E+00 2.48771E+00 
1750 2.48957E+00 2.48771E+00 
1800 2.48957E+00 2.48771E+00 
1850 2.48956E+00 2.48771E+00 
1900 2.48957E+00 2.48771E+00 
1950 2.48956E+00 2.48771E+00 
2000 2.48956E+00 2.48771E+00 
