800 3.49749E-01 2.03850E-02 
850 3.47444E-01 2.06717E-02 
900 3.43152E-01 2.13161E-02 
950 3.42453E-01 2.19378E-02 
1000 3.43663E-01 2.25850E-02 
1050 3.42103E-01 2.24739E-02 
1100 3.40849E-01 2.23216E-02 
1150 3.36776E-01 2.18148E-02 
1200 3.37859E-01 2.23404E-02 
1250 3.34823E-01 2.35375E-02 
1300 3.30613E-01 2.21045E-02 
1350 3.30920E-01 2.21268E-02 
1400 3.31335E-01 2.42067E-02 
1450 3.27787E-01 2.50417E-02 
1500 3.28552E-01 2.55567E-02 
1550 3.26678E-01 2.45859E-02 
1600 3.24523E-01 2.51178E-02 
1650 3.26905E-01 2.55951E-02 
1700 3.23077E-01 2.58453E-02 
1750 3.20191E-01 2.69204E-02 
1800 3.19875E-01 2.64357E-02 
1850 3.19867E-01 2.77260E-02 
1900 3.18184E-01 2.85868E-02 
1950 3.18702E-01 2.77090E-02 
2000 3.16346E-01 2.83650E-02 
