800 1.99243E+02 1.99273E+02 
850 1.99242E+02 1.99273E+02 
900 1.99242E+02 1.99273E+02 
950 1.99242E+02 1.99273E+02 
1000 1.99242E+02 1.99273E+02 
1050 1.99242E+02 1.99273E+02 
1100 1.99242E+02 1.99273E+02 
1150 1.99242E+02 1.99273E+02 
1200 1.99242E+02 1.99273E+02 
1250 1.99242E+02 1.99273E+02 
1300 1.99242E+02 1.99273E+02 
1350 1.99241E+02 1.99273E+02 
1400 1.99241E+02 1.99273E+02 
1450 1.99241E+02 1.99273E+02 
1500 1.99241E+02 1.99273E+02 
1550 1.99241E+02 1.99273E+02 
1600 1.99241E+02 1.99273E+02 
1650 1.99241E+02 1.99273E+02 
1700 1.99241E+02 1.99273E+02 
1750 1.99241E+02 1.99273E+02 
1800 1.99241E+02 1.99273E+02 
1850 1.99241E+02 1.99273E+02 
1900 1.99241E+02 1.99273E+02 
1950 1.99241E+02 1.99273E+02 
2000 1.99241E+02 1.99273E+02 
