800 800 6.27622E-08 1.96479E-06 
800 850 6.25026E-08 1.96018E-06 
800 900 6.25015E-08 1.96610E-06 
800 950 6.24648E-08 1.96052E-06 
800 1000 6.25572E-08 1.96482E-06 
800 1050 6.25877E-08 1.96343E-06 
800 1100 6.26908E-08 1.96034E-06 
800 1150 6.26001E-08 1.96573E-06 
800 1200 6.25459E-08 1.96198E-06 
800 1250 6.25854E-08 1.96410E-06 
800 1300 6.26952E-08 1.96466E-06 
800 1350 6.25676E-08 1.96409E-06 
800 1400 6.26878E-08 1.96308E-06 
800 1450 6.24173E-08 1.96157E-06 
800 1500 6.25154E-08 1.95998E-06 
800 1550 6.27347E-08 1.96215E-06 
800 1600 6.25648E-08 1.96446E-06 
800 1650 6.26105E-08 1.96127E-06 
800 1700 6.26629E-08 1.96365E-06 
800 1750 6.25784E-08 1.96720E-06 
800 1800 6.24779E-08 1.96342E-06 
800 1850 6.25368E-08 1.96234E-06 
800 1900 6.24548E-08 1.96355E-06 
800 1950 6.27371E-08 1.96503E-06 
800 2000 6.27882E-08 1.96408E-06 
800 2050 6.26551E-08 1.96433E-06 
850 800 6.24282E-08 1.95162E-06 
850 850 6.23978E-08 1.96035E-06 
850 900 6.25054E-08 1.95772E-06 
850 950 6.25095E-08 1.95389E-06 
850 1000 6.25893E-08 1.95683E-06 
850 1050 6.23368E-08 1.95551E-06 
850 1100 6.25016E-08 1.95580E-06 
850 1150 6.25442E-08 1.95647E-06 
850 1200 6.22999E-08 1.95589E-06 
850 1250 6.24328E-08 1.95491E-06 
850 1300 6.25143E-08 1.95342E-06 
850 1350 6.23869E-08 1.95513E-06 
850 1400 6.23982E-08 1.95532E-06 
850 1450 6.23178E-08 1.95789E-06 
850 1500 6.25014E-08 1.95927E-06 
850 1550 6.23404E-08 1.95454E-06 
850 1600 6.22988E-08 1.95766E-06 
850 1650 6.25350E-08 1.95803E-06 
850 1700 6.23827E-08 1.95737E-06 
850 1750 6.23721E-08 1.95957E-06 
850 1800 6.23153E-08 1.96129E-06 
850 1850 6.23785E-08 1.95596E-06 
850 1900 6.24670E-08 1.95518E-06 
850 1950 6.22372E-08 1.95907E-06 
850 2000 6.22842E-08 1.96193E-06 
850 2050 6.24223E-08 1.95661E-06 
900 800 6.21523E-08 1.94813E-06 
900 850 6.20562E-08 1.94862E-06 
900 900 6.22785E-08 1.95246E-06 
900 950 6.21428E-08 1.94805E-06 
900 1000 6.21617E-08 1.94942E-06 
900 1050 6.23238E-08 1.94806E-06 
900 1100 6.22859E-08 1.95110E-06 
900 1150 6.23290E-08 1.94948E-06 
900 1200 6.23912E-08 1.94311E-06 
900 1250 6.21449E-08 1.94890E-06 
900 1300 6.22734E-08 1.94776E-06 
900 1350 6.24088E-08 1.95219E-06 
900 1400 6.20973E-08 1.95121E-06 
900 1450 6.22173E-08 1.95146E-06 
900 1500 6.22561E-08 1.95268E-06 
900 1550 6.21433E-08 1.95122E-06 
900 1600 6.21921E-08 1.95107E-06 
900 1650 6.21789E-08 1.94927E-06 
900 1700 6.20157E-08 1.95242E-06 
900 1750 6.22132E-08 1.95090E-06 
900 1800 6.22745E-08 1.95233E-06 
900 1850 6.20937E-08 1.94714E-06 
900 1900 6.22775E-08 1.95021E-06 
900 1950 6.21973E-08 1.94968E-06 
900 2000 6.20064E-08 1.95136E-06 
900 2050 6.20904E-08 1.95252E-06 
950 800 6.20178E-08 1.94525E-06 
950 850 6.20072E-08 1.94435E-06 
950 900 6.19733E-08 1.94645E-06 
950 950 6.20410E-08 1.94303E-06 
950 1000 6.18540E-08 1.94078E-06 
950 1050 6.20468E-08 1.94321E-06 
950 1100 6.20130E-08 1.94117E-06 
950 1150 6.22787E-08 1.94518E-06 
950 1200 6.20579E-08 1.94598E-06 
950 1250 6.19126E-08 1.94081E-06 
950 1300 6.20623E-08 1.94375E-06 
950 1350 6.20197E-08 1.94588E-06 
950 1400 6.21398E-08 1.94224E-06 
950 1450 6.20000E-08 1.94153E-06 
950 1500 6.18544E-08 1.94568E-06 
950 1550 6.19009E-08 1.94512E-06 
950 1600 6.21381E-08 1.94357E-06 
950 1650 6.21422E-08 1.94467E-06 
950 1700 6.21405E-08 1.94466E-06 
950 1750 6.21123E-08 1.94627E-06 
950 1800 6.20213E-08 1.94315E-06 
950 1850 6.19023E-08 1.94787E-06 
950 1900 6.20859E-08 1.94556E-06 
950 1950 6.20190E-08 1.94611E-06 
950 2000 6.18530E-08 1.94325E-06 
950 2050 6.20465E-08 1.94521E-06 
1000 800 6.19314E-08 1.93489E-06 
1000 850 6.19805E-08 1.93814E-06 
1000 900 6.17668E-08 1.93616E-06 
1000 950 6.20326E-08 1.93815E-06 
1000 1000 6.17818E-08 1.94024E-06 
1000 1050 6.19927E-08 1.93679E-06 
1000 1100 6.19130E-08 1.93736E-06 
1000 1150 6.19997E-08 1.93709E-06 
1000 1200 6.18446E-08 1.93675E-06 
1000 1250 6.20018E-08 1.93476E-06 
1000 1300 6.21015E-08 1.93860E-06 
1000 1350 6.21822E-08 1.93896E-06 
1000 1400 6.16984E-08 1.93772E-06 
1000 1450 6.18280E-08 1.93596E-06 
1000 1500 6.20289E-08 1.93710E-06 
1000 1550 6.19073E-08 1.93854E-06 
1000 1600 6.20540E-08 1.93897E-06 
1000 1650 6.19002E-08 1.93753E-06 
1000 1700 6.17088E-08 1.94045E-06 
1000 1750 6.19922E-08 1.93909E-06 
1000 1800 6.18854E-08 1.93851E-06 
1000 1850 6.17847E-08 1.93898E-06 
1000 1900 6.19504E-08 1.93813E-06 
1000 1950 6.19979E-08 1.93914E-06 
1000 2000 6.19505E-08 1.93660E-06 
1000 2050 6.17695E-08 1.93919E-06 
1050 800 6.16161E-08 1.93059E-06 
1050 850 6.15916E-08 1.93199E-06 
1050 900 6.18563E-08 1.93194E-06 
1050 950 6.19745E-08 1.93114E-06 
1050 1000 6.17809E-08 1.93283E-06 
1050 1050 6.18330E-08 1.93105E-06 
1050 1100 6.17612E-08 1.93273E-06 
1050 1150 6.15932E-08 1.93603E-06 
1050 1200 6.16818E-08 1.93115E-06 
1050 1250 6.17303E-08 1.93467E-06 
1050 1300 6.16062E-08 1.93598E-06 
1050 1350 6.17586E-08 1.93089E-06 
1050 1400 6.16077E-08 1.93021E-06 
1050 1450 6.18002E-08 1.92976E-06 
1050 1500 6.17621E-08 1.93022E-06 
1050 1550 6.18432E-08 1.93233E-06 
1050 1600 6.16617E-08 1.93149E-06 
1050 1650 6.18262E-08 1.93289E-06 
1050 1700 6.18082E-08 1.92981E-06 
1050 1750 6.18498E-08 1.93154E-06 
1050 1800 6.17001E-08 1.93366E-06 
1050 1850 6.17340E-08 1.93094E-06 
1050 1900 6.18468E-08 1.93333E-06 
1050 1950 6.16060E-08 1.93198E-06 
1050 2000 6.16623E-08 1.93005E-06 
1050 2050 6.16591E-08 1.93220E-06 
1100 800 6.14059E-08 1.92628E-06 
1100 850 6.15571E-08 1.92091E-06 
1100 900 6.17002E-08 1.92592E-06 
1100 950 6.18088E-08 1.92467E-06 
1100 1000 6.16092E-08 1.92529E-06 
1100 1050 6.16097E-08 1.92537E-06 
1100 1100 6.15674E-08 1.92801E-06 
1100 1150 6.16547E-08 1.92350E-06 
1100 1200 6.16446E-08 1.92855E-06 
1100 1250 6.15611E-08 1.92541E-06 
1100 1300 6.16451E-08 1.92689E-06 
1100 1350 6.16136E-08 1.92845E-06 
1100 1400 6.16084E-08 1.92613E-06 
1100 1450 6.14808E-08 1.92265E-06 
1100 1500 6.16915E-08 1.92542E-06 
1100 1550 6.16358E-08 1.92271E-06 
1100 1600 6.16818E-08 1.92466E-06 
1100 1650 6.14747E-08 1.92644E-06 
1100 1700 6.16056E-08 1.92466E-06 
1100 1750 6.15934E-08 1.92622E-06 
1100 1800 6.14014E-08 1.92654E-06 
1100 1850 6.17025E-08 1.92709E-06 
1100 1900 6.14629E-08 1.92665E-06 
1100 1950 6.16807E-08 1.92918E-06 
1100 2000 6.14308E-08 1.92472E-06 
1100 2050 6.14898E-08 1.92386E-06 
1150 800 6.14882E-08 1.92141E-06 
1150 850 6.13337E-08 1.92324E-06 
1150 900 6.13013E-08 1.91775E-06 
1150 950 6.15684E-08 1.92312E-06 
1150 1000 6.15511E-08 1.91998E-06 
1150 1050 6.15128E-08 1.92026E-06 
1150 1100 6.14509E-08 1.91669E-06 
1150 1150 6.13885E-08 1.92255E-06 
1150 1200 6.14801E-08 1.92234E-06 
1150 1250 6.13727E-08 1.91989E-06 
1150 1300 6.14125E-08 1.91673E-06 
1150 1350 6.14802E-08 1.92030E-06 
1150 1400 6.15104E-08 1.92160E-06 
1150 1450 6.15228E-08 1.91461E-06 
1150 1500 6.13598E-08 1.92107E-06 
1150 1550 6.15556E-08 1.92055E-06 
1150 1600 6.13912E-08 1.92057E-06 
1150 1650 6.13659E-08 1.92119E-06 
1150 1700 6.14825E-08 1.91853E-06 
1150 1750 6.15152E-08 1.92233E-06 
1150 1800 6.15065E-08 1.92100E-06 
1150 1850 6.14183E-08 1.91916E-06 
1150 1900 6.15229E-08 1.91992E-06 
1150 1950 6.14524E-08 1.92038E-06 
1150 2000 6.12762E-08 1.91950E-06 
1150 2050 6.13897E-08 1.92220E-06 
1200 800 6.13458E-08 1.91621E-06 
1200 850 6.13775E-08 1.91708E-06 
1200 900 6.14201E-08 1.91387E-06 
1200 950 6.14193E-08 1.91732E-06 
1200 1000 6.13757E-08 1.91735E-06 
1200 1050 6.13360E-08 1.91217E-06 
1200 1100 6.13564E-08 1.91490E-06 
1200 1150 6.14380E-08 1.91385E-06 
1200 1200 6.11909E-08 1.91372E-06 
1200 1250 6.11838E-08 1.91226E-06 
1200 1300 6.12988E-08 1.91406E-06 
1200 1350 6.14218E-08 1.91529E-06 
1200 1400 6.12533E-08 1.91484E-06 
1200 1450 6.14936E-08 1.91324E-06 
1200 1500 6.15942E-08 1.90973E-06 
1200 1550 6.13308E-08 1.91645E-06 
1200 1600 6.12671E-08 1.91174E-06 
1200 1650 6.13135E-08 1.91443E-06 
1200 1700 6.12370E-08 1.91427E-06 
1200 1750 6.12521E-08 1.91285E-06 
1200 1800 6.13586E-08 1.91754E-06 
1200 1850 6.13667E-08 1.91457E-06 
1200 1900 6.13444E-08 1.91568E-06 
1200 1950 6.12014E-08 1.91200E-06 
1200 2000 6.12243E-08 1.91334E-06 
1200 2050 6.12584E-08 1.91223E-06 
1250 800 6.09584E-08 1.90714E-06 
1250 850 6.10606E-08 1.90912E-06 
1250 900 6.12741E-08 1.90982E-06 
1250 950 6.13200E-08 1.90757E-06 
1250 1000 6.12083E-08 1.90954E-06 
1250 1050 6.11137E-08 1.91036E-06 
1250 1100 6.10433E-08 1.90959E-06 
1250 1150 6.12963E-08 1.90995E-06 
1250 1200 6.12338E-08 1.90993E-06 
1250 1250 6.11228E-08 1.90722E-06 
1250 1300 6.12676E-08 1.90708E-06 
1250 1350 6.12669E-08 1.90801E-06 
1250 1400 6.15531E-08 1.90878E-06 
1250 1450 6.10489E-08 1.90852E-06 
1250 1500 6.11114E-08 1.90591E-06 
1250 1550 6.11890E-08 1.90724E-06 
1250 1600 6.10698E-08 1.91221E-06 
1250 1650 6.12624E-08 1.90934E-06 
1250 1700 6.12111E-08 1.91108E-06 
1250 1750 6.09880E-08 1.90774E-06 
1250 1800 6.11371E-08 1.91098E-06 
1250 1850 6.11358E-08 1.91171E-06 
1250 1900 6.10494E-08 1.91013E-06 
1250 1950 6.11680E-08 1.90931E-06 
1250 2000 6.11739E-08 1.91009E-06 
1250 2050 6.13116E-08 1.90776E-06 
1300 800 6.09090E-08 1.90049E-06 
1300 850 6.10903E-08 1.90325E-06 
1300 900 6.11777E-08 1.90375E-06 
1300 950 6.11482E-08 1.90654E-06 
1300 1000 6.09486E-08 1.90234E-06 
1300 1050 6.09768E-08 1.90165E-06 
1300 1100 6.12231E-08 1.90212E-06 
1300 1150 6.12008E-08 1.90270E-06 
1300 1200 6.12949E-08 1.90604E-06 
1300 1250 6.10485E-08 1.90591E-06 
1300 1300 6.10310E-08 1.90220E-06 
1300 1350 6.10719E-08 1.90192E-06 
1300 1400 6.10628E-08 1.90107E-06 
1300 1450 6.10848E-08 1.90465E-06 
1300 1500 6.10377E-08 1.90220E-06 
1300 1550 6.11135E-08 1.90363E-06 
1300 1600 6.12232E-08 1.90529E-06 
1300 1650 6.10188E-08 1.90450E-06 
1300 1700 6.12559E-08 1.90421E-06 
1300 1750 6.10562E-08 1.90423E-06 
1300 1800 6.10915E-08 1.89905E-06 
1300 1850 6.11427E-08 1.90445E-06 
1300 1900 6.11543E-08 1.90274E-06 
1300 1950 6.11571E-08 1.90543E-06 
1300 2000 6.09919E-08 1.90299E-06 
1300 2050 6.10787E-08 1.90505E-06 
1350 800 6.09203E-08 1.89709E-06 
1350 850 6.09165E-08 1.90094E-06 
1350 900 6.08262E-08 1.89679E-06 
1350 950 6.09331E-08 1.89654E-06 
1350 1000 6.10102E-08 1.89748E-06 
1350 1050 6.11244E-08 1.89497E-06 
1350 1100 6.10330E-08 1.89622E-06 
1350 1150 6.10115E-08 1.90168E-06 
1350 1200 6.11011E-08 1.89965E-06 
1350 1250 6.11473E-08 1.89895E-06 
1350 1300 6.09711E-08 1.90055E-06 
1350 1350 6.09219E-08 1.90099E-06 
1350 1400 6.08929E-08 1.89450E-06 
1350 1450 6.10250E-08 1.89765E-06 
1350 1500 6.08696E-08 1.90124E-06 
1350 1550 6.08514E-08 1.89824E-06 
1350 1600 6.08691E-08 1.90031E-06 
1350 1650 6.10003E-08 1.89957E-06 
1350 1700 6.08044E-08 1.89874E-06 
1350 1750 6.10820E-08 1.89837E-06 
1350 1800 6.10362E-08 1.89801E-06 
1350 1850 6.09198E-08 1.89725E-06 
1350 1900 6.09228E-08 1.89920E-06 
1350 1950 6.08947E-08 1.89958E-06 
1350 2000 6.09636E-08 1.89809E-06 
1350 2050 6.07924E-08 1.89721E-06 
1400 800 6.07898E-08 1.89339E-06 
1400 850 6.08894E-08 1.89095E-06 
1400 900 6.06757E-08 1.88882E-06 
1400 950 6.09208E-08 1.89019E-06 
1400 1000 6.07728E-08 1.89420E-06 
1400 1050 6.09935E-08 1.89397E-06 
1400 1100 6.08663E-08 1.89396E-06 
1400 1150 6.08178E-08 1.89329E-06 
1400 1200 6.08388E-08 1.89635E-06 
1400 1250 6.08296E-08 1.89276E-06 
1400 1300 6.06826E-08 1.89451E-06 
1400 1350 6.10894E-08 1.89211E-06 
1400 1400 6.09159E-08 1.89394E-06 
1400 1450 6.09945E-08 1.89388E-06 
1400 1500 6.09267E-08 1.89109E-06 
1400 1550 6.08533E-08 1.89271E-06 
1400 1600 6.08217E-08 1.89206E-06 
1400 1650 6.09724E-08 1.89350E-06 
1400 1700 6.08480E-08 1.89382E-06 
1400 1750 6.08871E-08 1.89424E-06 
1400 1800 6.09129E-08 1.89114E-06 
1400 1850 6.08100E-08 1.89252E-06 
1400 1900 6.07570E-08 1.89215E-06 
1400 1950 6.09322E-08 1.89364E-06 
1400 2000 6.08474E-08 1.89113E-06 
1400 2050 6.07895E-08 1.89323E-06 
1450 800 6.08561E-08 1.88406E-06 
1450 850 6.04385E-08 1.89082E-06 
1450 900 6.08174E-08 1.88685E-06 
1450 950 6.08084E-08 1.88324E-06 
1450 1000 6.06569E-08 1.89013E-06 
1450 1050 6.06506E-08 1.88986E-06 
1450 1100 6.07730E-08 1.88905E-06 
1450 1150 6.08339E-08 1.88420E-06 
1450 1200 6.08128E-08 1.88513E-06 
1450 1250 6.07131E-08 1.88632E-06 
1450 1300 6.06620E-08 1.88467E-06 
1450 1350 6.07763E-08 1.88910E-06 
1450 1400 6.06754E-08 1.88686E-06 
1450 1450 6.07677E-08 1.88752E-06 
1450 1500 6.08275E-08 1.88718E-06 
1450 1550 6.06997E-08 1.88699E-06 
1450 1600 6.07532E-08 1.88639E-06 
1450 1650 6.08711E-08 1.88780E-06 
1450 1700 6.06795E-08 1.88817E-06 
1450 1750 6.07836E-08 1.88826E-06 
1450 1800 6.06465E-08 1.88778E-06 
1450 1850 6.07178E-08 1.88531E-06 
1450 1900 6.07709E-08 1.89078E-06 
1450 1950 6.08983E-08 1.88796E-06 
1450 2000 6.07840E-08 1.88969E-06 
1450 2050 6.07895E-08 1.88908E-06 
1500 800 6.06955E-08 1.88378E-06 
1500 850 6.06939E-08 1.87992E-06 
1500 900 6.05772E-08 1.88030E-06 
1500 950 6.08063E-08 1.88094E-06 
1500 1000 6.06169E-08 1.88117E-06 
1500 1050 6.07201E-08 1.88391E-06 
1500 1100 6.08972E-08 1.87909E-06 
1500 1150 6.05754E-08 1.88337E-06 
1500 1200 6.06720E-08 1.88362E-06 
1500 1250 6.07580E-08 1.88113E-06 
1500 1300 6.07501E-08 1.88384E-06 
1500 1350 6.04941E-08 1.88106E-06 
1500 1400 6.05835E-08 1.88359E-06 
1500 1450 6.06536E-08 1.88026E-06 
1500 1500 6.07833E-08 1.88317E-06 
1500 1550 6.06365E-08 1.88351E-06 
1500 1600 6.05162E-08 1.87827E-06 
1500 1650 6.07837E-08 1.88540E-06 
1500 1700 6.06419E-08 1.88284E-06 
1500 1750 6.07308E-08 1.88398E-06 
1500 1800 6.04707E-08 1.88346E-06 
1500 1850 6.05577E-08 1.88033E-06 
1500 1900 6.05731E-08 1.88070E-06 
1500 1950 6.06961E-08 1.88273E-06 
1500 2000 6.07690E-08 1.88394E-06 
1500 2050 6.07306E-08 1.88614E-06 
1550 800 6.04451E-08 1.87854E-06 
1550 850 6.04770E-08 1.87472E-06 
1550 900 6.04117E-08 1.87770E-06 
1550 950 6.06990E-08 1.88139E-06 
1550 1000 6.06866E-08 1.87729E-06 
1550 1050 6.06753E-08 1.87869E-06 
1550 1100 6.04867E-08 1.87757E-06 
1550 1150 6.04348E-08 1.87914E-06 
1550 1200 6.03949E-08 1.87801E-06 
1550 1250 6.06531E-08 1.87905E-06 
1550 1300 6.06835E-08 1.87656E-06 
1550 1350 6.06062E-08 1.87663E-06 
1550 1400 6.05808E-08 1.87664E-06 
1550 1450 6.04612E-08 1.87718E-06 
1550 1500 6.03984E-08 1.88110E-06 
1550 1550 6.05184E-08 1.87743E-06 
1550 1600 6.05382E-08 1.87735E-06 
1550 1650 6.05959E-08 1.87657E-06 
1550 1700 6.07093E-08 1.87595E-06 
1550 1750 6.05135E-08 1.87670E-06 
1550 1800 6.04976E-08 1.87714E-06 
1550 1850 6.04493E-08 1.87786E-06 
1550 1900 6.03679E-08 1.87866E-06 
1550 1950 6.06745E-08 1.87961E-06 
1550 2000 6.06429E-08 1.87700E-06 
1550 2050 6.05032E-08 1.87707E-06 
1600 800 6.04173E-08 1.87155E-06 
1600 850 6.04932E-08 1.87247E-06 
1600 900 6.04447E-08 1.87326E-06 
1600 950 6.07291E-08 1.87331E-06 
1600 1000 6.06261E-08 1.87353E-06 
1600 1050 6.07263E-08 1.87124E-06 
1600 1100 6.06506E-08 1.87215E-06 
1600 1150 6.04876E-08 1.87409E-06 
1600 1200 6.04919E-08 1.87216E-06 
1600 1250 6.05706E-08 1.87223E-06 
1600 1300 6.05892E-08 1.87153E-06 
1600 1350 6.06138E-08 1.87065E-06 
1600 1400 6.04149E-08 1.87003E-06 
1600 1450 6.04785E-08 1.87306E-06 
1600 1500 6.04417E-08 1.87469E-06 
1600 1550 6.04575E-08 1.87268E-06 
1600 1600 6.05450E-08 1.87395E-06 
1600 1650 6.06804E-08 1.87349E-06 
1600 1700 6.03922E-08 1.87366E-06 
1600 1750 6.05409E-08 1.87275E-06 
1600 1800 6.04908E-08 1.87417E-06 
1600 1850 6.05109E-08 1.86985E-06 
1600 1900 6.05351E-08 1.87316E-06 
1600 1950 6.05927E-08 1.87190E-06 
1600 2000 6.04890E-08 1.87226E-06 
1600 2050 6.04778E-08 1.87303E-06 
1650 800 6.03614E-08 1.86772E-06 
1650 850 6.02863E-08 1.86742E-06 
1650 900 6.05603E-08 1.86932E-06 
1650 950 6.05045E-08 1.86926E-06 
1650 1000 6.04291E-08 1.86908E-06 
1650 1050 6.04208E-08 1.86984E-06 
1650 1100 6.04116E-08 1.86963E-06 
1650 1150 6.03136E-08 1.86886E-06 
1650 1200 6.03958E-08 1.86831E-06 
1650 1250 6.03808E-08 1.86440E-06 
1650 1300 6.03937E-08 1.86552E-06 
1650 1350 6.04258E-08 1.86673E-06 
1650 1400 6.04733E-08 1.86492E-06 
1650 1450 6.03419E-08 1.86723E-06 
1650 1500 6.03971E-08 1.86857E-06 
1650 1550 6.03860E-08 1.87001E-06 
1650 1600 6.03127E-08 1.86467E-06 
1650 1650 6.05527E-08 1.86817E-06 
1650 1700 6.03499E-08 1.86618E-06 
1650 1750 6.02568E-08 1.86868E-06 
1650 1800 6.04959E-08 1.86689E-06 
1650 1850 6.01886E-08 1.86988E-06 
1650 1900 6.05666E-08 1.86839E-06 
1650 1950 6.02362E-08 1.86778E-06 
1650 2000 6.04435E-08 1.86793E-06 
1650 2050 6.03114E-08 1.86776E-06 
1700 800 6.02252E-08 1.86561E-06 
1700 850 6.02756E-08 1.86485E-06 
1700 900 6.02636E-08 1.86390E-06 
1700 950 6.04991E-08 1.86664E-06 
1700 1000 6.03892E-08 1.86393E-06 
1700 1050 6.04262E-08 1.86147E-06 
1700 1100 6.04729E-08 1.86044E-06 
1700 1150 6.02492E-08 1.86239E-06 
1700 1200 6.01378E-08 1.86205E-06 
1700 1250 6.04441E-08 1.86396E-06 
1700 1300 6.02057E-08 1.86274E-06 
1700 1350 6.04902E-08 1.86374E-06 
1700 1400 6.03271E-08 1.86199E-06 
1700 1450 6.03950E-08 1.86314E-06 
1700 1500 6.03627E-08 1.86284E-06 
1700 1550 6.03742E-08 1.86341E-06 
1700 1600 6.01821E-08 1.86216E-06 
1700 1650 6.02706E-08 1.86503E-06 
1700 1700 6.03223E-08 1.86152E-06 
1700 1750 6.02649E-08 1.86356E-06 
1700 1800 6.02662E-08 1.86128E-06 
1700 1850 6.02218E-08 1.86124E-06 
1700 1900 6.03411E-08 1.86540E-06 
1700 1950 6.02739E-08 1.86458E-06 
1700 2000 6.03237E-08 1.86506E-06 
1700 2050 6.02553E-08 1.86289E-06 
1750 800 6.03539E-08 1.86037E-06 
1750 850 6.03078E-08 1.85995E-06 
1750 900 6.02442E-08 1.85721E-06 
1750 950 6.02523E-08 1.85322E-06 
1750 1000 6.03121E-08 1.85913E-06 
1750 1050 6.01723E-08 1.85996E-06 
1750 1100 6.02579E-08 1.85788E-06 
1750 1150 6.03787E-08 1.85742E-06 
1750 1200 6.02109E-08 1.86028E-06 
1750 1250 6.02483E-08 1.86005E-06 
1750 1300 6.03307E-08 1.85829E-06 
1750 1350 6.02936E-08 1.86014E-06 
1750 1400 6.02572E-08 1.85849E-06 
1750 1450 6.01799E-08 1.85836E-06 
1750 1500 6.03334E-08 1.85696E-06 
1750 1550 6.01439E-08 1.85893E-06 
1750 1600 6.01699E-08 1.86011E-06 
1750 1650 6.03060E-08 1.85916E-06 
1750 1700 6.02335E-08 1.85732E-06 
1750 1750 6.01976E-08 1.85782E-06 
1750 1800 6.03037E-08 1.85623E-06 
1750 1850 6.02051E-08 1.86044E-06 
1750 1900 6.02577E-08 1.86028E-06 
1750 1950 6.01901E-08 1.85914E-06 
1750 2000 6.00671E-08 1.85847E-06 
1750 2050 6.02642E-08 1.85825E-06 
1800 800 6.02104E-08 1.85303E-06 
1800 850 6.01598E-08 1.85371E-06 
1800 900 6.04323E-08 1.85490E-06 
1800 950 6.02222E-08 1.85541E-06 
1800 1000 6.02154E-08 1.85313E-06 
1800 1050 6.00707E-08 1.85201E-06 
1800 1100 6.01436E-08 1.85459E-06 
1800 1150 6.01802E-08 1.85476E-06 
1800 1200 6.02109E-08 1.85487E-06 
1800 1250 6.00803E-08 1.85478E-06 
1800 1300 6.01587E-08 1.85412E-06 
1800 1350 6.02251E-08 1.85540E-06 
1800 1400 6.00285E-08 1.85304E-06 
1800 1450 6.02606E-08 1.85706E-06 
1800 1500 6.02535E-08 1.85518E-06 
1800 1550 6.02123E-08 1.85440E-06 
1800 1600 6.02732E-08 1.85288E-06 
1800 1650 6.01784E-08 1.85378E-06 
1800 1700 6.00536E-08 1.85428E-06 
1800 1750 6.01944E-08 1.85535E-06 
1800 1800 6.01149E-08 1.85692E-06 
1800 1850 5.99794E-08 1.85138E-06 
1800 1900 6.01112E-08 1.85505E-06 
1800 1950 6.01045E-08 1.85266E-06 
1800 2000 6.01973E-08 1.85344E-06 
1800 2050 6.00916E-08 1.85317E-06 
1850 800 6.01137E-08 1.85045E-06 
1850 850 6.01993E-08 1.85006E-06 
1850 900 6.02046E-08 1.84916E-06 
1850 950 6.00110E-08 1.84978E-06 
1850 1000 6.02318E-08 1.84747E-06 
1850 1050 5.99724E-08 1.84905E-06 
1850 1100 6.01610E-08 1.85116E-06 
1850 1150 6.02346E-08 1.85161E-06 
1850 1200 6.02127E-08 1.85074E-06 
1850 1250 6.02678E-08 1.84933E-06 
1850 1300 6.01589E-08 1.84839E-06 
1850 1350 6.01725E-08 1.85275E-06 
1850 1400 6.02461E-08 1.84923E-06 
1850 1450 6.01122E-08 1.84942E-06 
1850 1500 6.00555E-08 1.84910E-06 
1850 1550 6.01287E-08 1.85282E-06 
1850 1600 6.00187E-08 1.84875E-06 
1850 1650 6.01593E-08 1.85238E-06 
1850 1700 6.00409E-08 1.84790E-06 
1850 1750 6.00631E-08 1.84500E-06 
1850 1800 5.99506E-08 1.85354E-06 
1850 1850 6.01373E-08 1.85022E-06 
1850 1900 6.01327E-08 1.85040E-06 
1850 1950 6.01609E-08 1.84852E-06 
1850 2000 6.01381E-08 1.84869E-06 
1850 2050 6.00965E-08 1.85137E-06 
1900 800 6.01124E-08 1.84503E-06 
1900 850 6.00280E-08 1.84499E-06 
1900 900 6.00256E-08 1.84517E-06 
1900 950 6.00198E-08 1.84619E-06 
1900 1000 6.00116E-08 1.84785E-06 
1900 1050 6.01784E-08 1.84572E-06 
1900 1100 5.98572E-08 1.84554E-06 
1900 1150 6.00101E-08 1.84282E-06 
1900 1200 6.01510E-08 1.84272E-06 
1900 1250 5.99126E-08 1.84483E-06 
1900 1300 6.01899E-08 1.84222E-06 
1900 1350 6.01647E-08 1.84532E-06 
1900 1400 6.00239E-08 1.84493E-06 
1900 1450 6.01258E-08 1.84652E-06 
1900 1500 5.98826E-08 1.84500E-06 
1900 1550 6.00891E-08 1.84421E-06 
1900 1600 6.00871E-08 1.84539E-06 
1900 1650 6.00707E-08 1.84680E-06 
1900 1700 5.98999E-08 1.84577E-06 
1900 1750 6.01097E-08 1.84497E-06 
1900 1800 5.99538E-08 1.84371E-06 
1900 1850 6.00366E-08 1.84341E-06 
1900 1900 6.01484E-08 1.84273E-06 
1900 1950 6.00743E-08 1.84605E-06 
1900 2000 6.00894E-08 1.84690E-06 
1900 2050 6.00063E-08 1.84329E-06 
1950 800 6.00168E-08 1.84102E-06 
1950 850 5.97333E-08 1.84509E-06 
1950 900 6.02874E-08 1.83821E-06 
1950 950 5.98799E-08 1.84112E-06 
1950 1000 6.01145E-08 1.84075E-06 
1950 1050 5.99852E-08 1.83846E-06 
1950 1100 5.98869E-08 1.84017E-06 
1950 1150 6.00465E-08 1.83997E-06 
1950 1200 6.00559E-08 1.83805E-06 
1950 1250 6.01043E-08 1.84020E-06 
1950 1300 6.00425E-08 1.83949E-06 
1950 1350 6.00606E-08 1.84083E-06 
1950 1400 5.99910E-08 1.83958E-06 
1950 1450 6.00525E-08 1.83973E-06 
1950 1500 6.00762E-08 1.84053E-06 
1950 1550 6.00389E-08 1.84166E-06 
1950 1600 6.00372E-08 1.84241E-06 
1950 1650 5.99978E-08 1.83918E-06 
1950 1700 6.00347E-08 1.83999E-06 
1950 1750 5.99203E-08 1.84400E-06 
1950 1800 5.98583E-08 1.83996E-06 
1950 1850 5.99533E-08 1.83969E-06 
1950 1900 5.99310E-08 1.84179E-06 
1950 1950 6.00656E-08 1.84024E-06 
1950 2000 5.99696E-08 1.84106E-06 
1950 2050 5.99444E-08 1.83869E-06 
2000 800 5.99169E-08 1.83701E-06 
2000 850 5.99392E-08 1.83787E-06 
2000 900 5.99801E-08 1.83611E-06 
2000 950 5.99041E-08 1.83679E-06 
2000 1000 6.00264E-08 1.83684E-06 
2000 1050 5.98645E-08 1.83807E-06 
2000 1100 5.98750E-08 1.83829E-06 
2000 1150 5.99730E-08 1.83824E-06 
2000 1200 5.99959E-08 1.83775E-06 
2000 1250 5.99250E-08 1.83787E-06 
2000 1300 5.99928E-08 1.83392E-06 
2000 1350 5.99279E-08 1.83764E-06 
2000 1400 5.99396E-08 1.83782E-06 
2000 1450 5.99147E-08 1.83616E-06 
2000 1500 5.99112E-08 1.83818E-06 
2000 1550 5.99917E-08 1.83651E-06 
2000 1600 5.98932E-08 1.83620E-06 
2000 1650 5.99291E-08 1.83645E-06 
2000 1700 5.99541E-08 1.83476E-06 
2000 1750 5.97871E-08 1.83595E-06 
2000 1800 6.00904E-08 1.83673E-06 
2000 1850 5.98777E-08 1.83480E-06 
2000 1900 5.98106E-08 1.83825E-06 
2000 1950 5.98446E-08 1.83812E-06 
2000 2000 5.99725E-08 1.83662E-06 
2000 2050 5.98863E-08 1.83719E-06 
2050 800 5.96703E-08 1.83223E-06 
2050 850 5.97589E-08 1.83026E-06 
2050 900 5.99367E-08 1.83266E-06 
2050 950 5.99717E-08 1.83173E-06 
2050 1000 6.00921E-08 1.83299E-06 
2050 1050 5.97802E-08 1.83268E-06 
2050 1100 5.97814E-08 1.82931E-06 
2050 1150 5.98074E-08 1.83193E-06 
2050 1200 5.98523E-08 1.83201E-06 
2050 1250 5.98899E-08 1.83481E-06 
2050 1300 5.97705E-08 1.83182E-06 
2050 1350 5.99543E-08 1.83376E-06 
2050 1400 5.98279E-08 1.83156E-06 
2050 1450 5.98014E-08 1.83037E-06 
2050 1500 5.99968E-08 1.83357E-06 
2050 1550 5.99822E-08 1.82915E-06 
2050 1600 5.99811E-08 1.83528E-06 
2050 1650 5.98385E-08 1.82965E-06 
2050 1700 5.98200E-08 1.83200E-06 
2050 1750 5.99177E-08 1.83363E-06 
2050 1800 5.98488E-08 1.82843E-06 
2050 1850 5.98912E-08 1.82737E-06 
2050 1900 5.98953E-08 1.82978E-06 
2050 1950 5.99413E-08 1.83338E-06 
2050 2000 5.98108E-08 1.83511E-06 
2050 2050 5.98142E-08 1.83204E-06 
