800 800 3.49749E-01 2.03850E-02 
800 850 3.46484E-01 2.06824E-02 
800 900 3.50949E-01 2.15497E-02 
800 950 3.49911E-01 2.11149E-02 
800 1000 3.47248E-01 2.14786E-02 
800 1050 3.47876E-01 2.08385E-02 
800 1100 3.46676E-01 2.10658E-02 
800 1150 3.47976E-01 1.95985E-02 
800 1200 3.47306E-01 2.01420E-02 
800 1250 3.50271E-01 2.04138E-02 
800 1300 3.50946E-01 1.99042E-02 
800 1350 3.49831E-01 2.01024E-02 
800 1400 3.49163E-01 2.13691E-02 
800 1450 3.47323E-01 2.08693E-02 
800 1500 3.47287E-01 2.15743E-02 
800 1550 3.48841E-01 2.13249E-02 
800 1600 3.48534E-01 2.11005E-02 
800 1650 3.47018E-01 2.10566E-02 
800 1700 3.48690E-01 2.06002E-02 
800 1750 3.48020E-01 2.13566E-02 
800 1800 3.50451E-01 2.10753E-02 
800 1850 3.47809E-01 2.09549E-02 
800 1900 3.49645E-01 2.12149E-02 
800 1950 3.50450E-01 2.07519E-02 
800 2000 3.49626E-01 2.05832E-02 
800 2050 3.51246E-01 1.98646E-02 
850 800 3.47100E-01 2.21045E-02 
850 850 3.47444E-01 2.06717E-02 
850 900 3.47461E-01 2.01911E-02 
850 950 3.47679E-01 2.01519E-02 
850 1000 3.47461E-01 2.12055E-02 
850 1050 3.45449E-01 2.10335E-02 
850 1100 3.48230E-01 2.06737E-02 
850 1150 3.47096E-01 2.06812E-02 
850 1200 3.47068E-01 2.25144E-02 
850 1250 3.46617E-01 2.15378E-02 
850 1300 3.46151E-01 1.98666E-02 
850 1350 3.49263E-01 2.05269E-02 
850 1400 3.46455E-01 2.00533E-02 
850 1450 3.44768E-01 2.05793E-02 
850 1500 3.49801E-01 2.08904E-02 
850 1550 3.47246E-01 2.14740E-02 
850 1600 3.45295E-01 2.16366E-02 
850 1650 3.47998E-01 2.25855E-02 
850 1700 3.46172E-01 2.11060E-02 
850 1750 3.46927E-01 1.97098E-02 
850 1800 3.45136E-01 2.12684E-02 
850 1850 3.44739E-01 2.11614E-02 
850 1900 3.47080E-01 2.05784E-02 
850 1950 3.44553E-01 2.11550E-02 
850 2000 3.46885E-01 2.03421E-02 
850 2050 3.49485E-01 2.15590E-02 
900 800 3.44514E-01 2.11830E-02 
900 850 3.45883E-01 2.06276E-02 
900 900 3.43152E-01 2.13161E-02 
900 950 3.46840E-01 2.15766E-02 
900 1000 3.45525E-01 2.12610E-02 
900 1050 3.45170E-01 2.20918E-02 
900 1100 3.44583E-01 1.97363E-02 
900 1150 3.45640E-01 2.11026E-02 
900 1200 3.45070E-01 2.06177E-02 
900 1250 3.45048E-01 2.12327E-02 
900 1300 3.46573E-01 2.11189E-02 
900 1350 3.44001E-01 2.14617E-02 
900 1400 3.42066E-01 2.09305E-02 
900 1450 3.47042E-01 2.16535E-02 
900 1500 3.45227E-01 2.17173E-02 
900 1550 3.47464E-01 2.17110E-02 
900 1600 3.43723E-01 2.04674E-02 
900 1650 3.45362E-01 2.19765E-02 
900 1700 3.43781E-01 2.05756E-02 
900 1750 3.44523E-01 2.07001E-02 
900 1800 3.48371E-01 2.18794E-02 
900 1850 3.43243E-01 2.14961E-02 
900 1900 3.46565E-01 2.07580E-02 
900 1950 3.45841E-01 2.15871E-02 
900 2000 3.45188E-01 2.11080E-02 
900 2050 3.45663E-01 2.09986E-02 
950 800 3.41487E-01 2.07724E-02 
950 850 3.41960E-01 2.33122E-02 
950 900 3.43395E-01 2.15675E-02 
950 950 3.42453E-01 2.19378E-02 
950 1000 3.42492E-01 2.08642E-02 
950 1050 3.44634E-01 2.09835E-02 
950 1100 3.42754E-01 2.17112E-02 
950 1150 3.44667E-01 2.11294E-02 
950 1200 3.41745E-01 2.12681E-02 
950 1250 3.41113E-01 2.11295E-02 
950 1300 3.41003E-01 2.03682E-02 
950 1350 3.40994E-01 2.15089E-02 
950 1400 3.43794E-01 2.08130E-02 
950 1450 3.41094E-01 2.12489E-02 
950 1500 3.43827E-01 2.04843E-02 
950 1550 3.40406E-01 2.20953E-02 
950 1600 3.42559E-01 2.15735E-02 
950 1650 3.42965E-01 2.11656E-02 
950 1700 3.43622E-01 2.11675E-02 
950 1750 3.43043E-01 2.16869E-02 
950 1800 3.43146E-01 2.11938E-02 
950 1850 3.41945E-01 2.24035E-02 
950 1900 3.41771E-01 2.20035E-02 
950 1950 3.42357E-01 2.17515E-02 
950 2000 3.41748E-01 2.06863E-02 
950 2050 3.43857E-01 2.06589E-02 
1000 800 3.41384E-01 2.15434E-02 
1000 850 3.43528E-01 2.19200E-02 
1000 900 3.41160E-01 2.18788E-02 
1000 950 3.42052E-01 2.09988E-02 
1000 1000 3.43663E-01 2.25850E-02 
1000 1050 3.41473E-01 2.21672E-02 
1000 1100 3.40812E-01 2.10618E-02 
1000 1150 3.41829E-01 2.19141E-02 
1000 1200 3.42818E-01 2.09669E-02 
1000 1250 3.41085E-01 2.11620E-02 
1000 1300 3.43767E-01 2.22368E-02 
1000 1350 3.42336E-01 2.14748E-02 
1000 1400 3.41380E-01 2.25869E-02 
1000 1450 3.40991E-01 2.27267E-02 
1000 1500 3.45008E-01 2.08975E-02 
1000 1550 3.42272E-01 2.13199E-02 
1000 1600 3.39544E-01 2.16898E-02 
1000 1650 3.41500E-01 2.18342E-02 
1000 1700 3.39567E-01 2.12528E-02 
1000 1750 3.41605E-01 2.19556E-02 
1000 1800 3.41537E-01 2.26083E-02 
1000 1850 3.43748E-01 2.12216E-02 
1000 1900 3.42358E-01 2.14548E-02 
1000 1950 3.41960E-01 2.08407E-02 
1000 2000 3.42606E-01 2.19321E-02 
1000 2050 3.41370E-01 2.16605E-02 
1050 800 3.38986E-01 2.22276E-02 
1050 850 3.37764E-01 2.21770E-02 
1050 900 3.40480E-01 2.10058E-02 
1050 950 3.41303E-01 2.25759E-02 
1050 1000 3.39971E-01 2.17853E-02 
1050 1050 3.42103E-01 2.24739E-02 
1050 1100 3.42150E-01 2.12701E-02 
1050 1150 3.40690E-01 2.24622E-02 
1050 1200 3.37132E-01 2.23544E-02 
1050 1250 3.39100E-01 2.20227E-02 
1050 1300 3.38844E-01 2.18453E-02 
1050 1350 3.41208E-01 2.19917E-02 
1050 1400 3.39026E-01 2.19817E-02 
1050 1450 3.39995E-01 2.18412E-02 
1050 1500 3.40450E-01 2.15313E-02 
1050 1550 3.39778E-01 2.09289E-02 
1050 1600 3.39697E-01 2.13564E-02 
1050 1650 3.42252E-01 2.15386E-02 
1050 1700 3.41659E-01 2.16418E-02 
1050 1750 3.41224E-01 2.22960E-02 
1050 1800 3.40975E-01 2.20401E-02 
1050 1850 3.40596E-01 2.13247E-02 
1050 1900 3.41016E-01 2.19729E-02 
1050 1950 3.40618E-01 2.17216E-02 
1050 2000 3.39707E-01 2.17849E-02 
1050 2050 3.40487E-01 2.19455E-02 
1100 800 3.36480E-01 2.23404E-02 
1100 850 3.40175E-01 2.25143E-02 
1100 900 3.37652E-01 2.16421E-02 
1100 950 3.39670E-01 2.16835E-02 
1100 1000 3.39127E-01 2.25299E-02 
1100 1050 3.38831E-01 2.20678E-02 
1100 1100 3.40849E-01 2.23216E-02 
1100 1150 3.39237E-01 2.23228E-02 
1100 1200 3.37775E-01 2.34841E-02 
1100 1250 3.35885E-01 2.32590E-02 
1100 1300 3.38136E-01 2.10471E-02 
1100 1350 3.38407E-01 2.15884E-02 
1100 1400 3.39975E-01 2.28157E-02 
1100 1450 3.33702E-01 2.25882E-02 
1100 1500 3.40175E-01 2.28512E-02 
1100 1550 3.39374E-01 2.16663E-02 
1100 1600 3.38242E-01 2.31878E-02 
1100 1650 3.36887E-01 2.23806E-02 
1100 1700 3.38310E-01 2.24630E-02 
1100 1750 3.38439E-01 2.22968E-02 
1100 1800 3.38743E-01 2.18797E-02 
1100 1850 3.38200E-01 2.29435E-02 
1100 1900 3.39240E-01 2.14531E-02 
1100 1950 3.37861E-01 2.37262E-02 
1100 2000 3.36812E-01 2.22613E-02 
1100 2050 3.37264E-01 2.21196E-02 
1150 800 3.37564E-01 2.17562E-02 
1150 850 3.39048E-01 2.23238E-02 
1150 900 3.37554E-01 2.18487E-02 
1150 950 3.38159E-01 2.17337E-02 
1150 1000 3.38546E-01 2.26094E-02 
1150 1050 3.40809E-01 2.18234E-02 
1150 1100 3.34818E-01 2.20247E-02 
1150 1150 3.36776E-01 2.18148E-02 
1150 1200 3.35283E-01 2.24434E-02 
1150 1250 3.38268E-01 2.20470E-02 
1150 1300 3.31678E-01 2.31318E-02 
1150 1350 3.38669E-01 2.21555E-02 
1150 1400 3.36462E-01 2.40416E-02 
1150 1450 3.37506E-01 2.35036E-02 
1150 1500 3.37714E-01 2.28798E-02 
1150 1550 3.37510E-01 2.22873E-02 
1150 1600 3.36556E-01 2.14721E-02 
1150 1650 3.39837E-01 2.07472E-02 
1150 1700 3.37241E-01 2.28653E-02 
1150 1750 3.38867E-01 2.16567E-02 
1150 1800 3.37334E-01 2.25636E-02 
1150 1850 3.33833E-01 2.24922E-02 
1150 1900 3.37131E-01 2.33649E-02 
1150 1950 3.36126E-01 2.20177E-02 
1150 2000 3.34631E-01 2.32075E-02 
1150 2050 3.34231E-01 2.36735E-02 
1200 800 3.34502E-01 2.32123E-02 
1200 850 3.34388E-01 2.22186E-02 
1200 900 3.37601E-01 2.28230E-02 
1200 950 3.37112E-01 2.35415E-02 
1200 1000 3.35798E-01 2.17949E-02 
1200 1050 3.33894E-01 2.33563E-02 
1200 1100 3.34175E-01 2.25518E-02 
1200 1150 3.37518E-01 2.27222E-02 
1200 1200 3.37859E-01 2.23404E-02 
1200 1250 3.35521E-01 2.34013E-02 
1200 1300 3.36198E-01 2.33589E-02 
1200 1350 3.37438E-01 2.22200E-02 
1200 1400 3.34606E-01 2.30607E-02 
1200 1450 3.33854E-01 2.26148E-02 
1200 1500 3.35222E-01 2.21804E-02 
1200 1550 3.35351E-01 2.35169E-02 
1200 1600 3.34866E-01 2.26578E-02 
1200 1650 3.35037E-01 2.30440E-02 
1200 1700 3.36820E-01 2.19950E-02 
1200 1750 3.32496E-01 2.33934E-02 
1200 1800 3.35018E-01 2.29241E-02 
1200 1850 3.37102E-01 2.29343E-02 
1200 1900 3.34574E-01 2.27444E-02 
1200 1950 3.33716E-01 2.23543E-02 
1200 2000 3.33772E-01 2.24010E-02 
1200 2050 3.35946E-01 2.35292E-02 
1250 800 3.34082E-01 2.31643E-02 
1250 850 3.33871E-01 2.37838E-02 
1250 900 3.34804E-01 2.38450E-02 
1250 950 3.35778E-01 2.30561E-02 
1250 1000 3.35742E-01 2.33004E-02 
1250 1050 3.33415E-01 2.30404E-02 
1250 1100 3.34838E-01 2.38160E-02 
1250 1150 3.35484E-01 2.30691E-02 
1250 1200 3.35492E-01 2.33617E-02 
1250 1250 3.34823E-01 2.35375E-02 
1250 1300 3.33634E-01 2.29669E-02 
1250 1350 3.35739E-01 2.25831E-02 
1250 1400 3.36209E-01 2.34083E-02 
1250 1450 3.34535E-01 2.26092E-02 
1250 1500 3.33185E-01 2.40496E-02 
1250 1550 3.33772E-01 2.27758E-02 
1250 1600 3.33205E-01 2.40149E-02 
1250 1650 3.33590E-01 2.44557E-02 
1250 1700 3.35472E-01 2.29299E-02 
1250 1750 3.33499E-01 2.35325E-02 
1250 1800 3.33959E-01 2.36768E-02 
1250 1850 3.32018E-01 2.31856E-02 
1250 1900 3.34712E-01 2.10644E-02 
1250 1950 3.32735E-01 2.26271E-02 
1250 2000 3.32694E-01 2.38128E-02 
1250 2050 3.34554E-01 2.27174E-02 
1300 800 3.32281E-01 2.37753E-02 
1300 850 3.32878E-01 2.38865E-02 
1300 900 3.32590E-01 2.20536E-02 
1300 950 3.32465E-01 2.36139E-02 
1300 1000 3.31899E-01 2.21972E-02 
1300 1050 3.32792E-01 2.34996E-02 
1300 1100 3.32912E-01 2.41012E-02 
1300 1150 3.33342E-01 2.27101E-02 
1300 1200 3.31652E-01 2.21451E-02 
1300 1250 3.31980E-01 2.26436E-02 
1300 1300 3.30613E-01 2.21045E-02 
1300 1350 3.31072E-01 2.38277E-02 
1300 1400 3.34595E-01 2.47355E-02 
1300 1450 3.31584E-01 2.35145E-02 
1300 1500 3.32750E-01 2.36413E-02 
1300 1550 3.32807E-01 2.33491E-02 
1300 1600 3.31767E-01 2.23783E-02 
1300 1650 3.31590E-01 2.30153E-02 
1300 1700 3.35812E-01 2.43540E-02 
1300 1750 3.32470E-01 2.34524E-02 
1300 1800 3.34391E-01 2.37706E-02 
1300 1850 3.32826E-01 2.33572E-02 
1300 1900 3.32884E-01 2.36474E-02 
1300 1950 3.33961E-01 2.27674E-02 
1300 2000 3.29352E-01 2.45810E-02 
1300 2050 3.32404E-01 2.27933E-02 
1350 800 3.30287E-01 2.34604E-02 
1350 850 3.33844E-01 2.37994E-02 
1350 900 3.30046E-01 2.45255E-02 
1350 950 3.34221E-01 2.46927E-02 
1350 1000 3.31205E-01 2.33668E-02 
1350 1050 3.30428E-01 2.41856E-02 
1350 1100 3.31148E-01 2.33159E-02 
1350 1150 3.29159E-01 2.40182E-02 
1350 1200 3.33252E-01 2.38442E-02 
1350 1250 3.31119E-01 2.31962E-02 
1350 1300 3.31526E-01 2.43009E-02 
1350 1350 3.30920E-01 2.21268E-02 
1350 1400 3.30643E-01 2.26154E-02 
1350 1450 3.33349E-01 2.38922E-02 
1350 1500 3.30956E-01 2.35876E-02 
1350 1550 3.31422E-01 2.28116E-02 
1350 1600 3.31254E-01 2.41526E-02 
1350 1650 3.30348E-01 2.41154E-02 
1350 1700 3.29356E-01 2.44538E-02 
1350 1750 3.31269E-01 2.40971E-02 
1350 1800 3.29860E-01 2.26584E-02 
1350 1850 3.31178E-01 2.39532E-02 
1350 1900 3.28911E-01 2.41482E-02 
1350 1950 3.29333E-01 2.33385E-02 
1350 2000 3.30018E-01 2.44493E-02 
1350 2050 3.28239E-01 2.33513E-02 
1400 800 3.27486E-01 2.45916E-02 
1400 850 3.30559E-01 2.48041E-02 
1400 900 3.28134E-01 2.37501E-02 
1400 950 3.28248E-01 2.38844E-02 
1400 1000 3.28291E-01 2.43837E-02 
1400 1050 3.31978E-01 2.48853E-02 
1400 1100 3.32592E-01 2.28891E-02 
1400 1150 3.30502E-01 2.36728E-02 
1400 1200 3.29947E-01 2.38499E-02 
1400 1250 3.30737E-01 2.49464E-02 
1400 1300 3.28633E-01 2.37624E-02 
1400 1350 3.30462E-01 2.35146E-02 
1400 1400 3.31335E-01 2.42067E-02 
1400 1450 3.28688E-01 2.39696E-02 
1400 1500 3.30593E-01 2.46005E-02 
1400 1550 3.29273E-01 2.32054E-02 
1400 1600 3.32688E-01 2.43362E-02 
1400 1650 3.29403E-01 2.39174E-02 
1400 1700 3.28795E-01 2.46050E-02 
1400 1750 3.28838E-01 2.35332E-02 
1400 1800 3.30637E-01 2.35319E-02 
1400 1850 3.27074E-01 2.48067E-02 
1400 1900 3.27050E-01 2.43593E-02 
1400 1950 3.31351E-01 2.37264E-02 
1400 2000 3.29968E-01 2.45448E-02 
1400 2050 3.29740E-01 2.35989E-02 
1450 800 3.30727E-01 2.53644E-02 
1450 850 3.25453E-01 2.36296E-02 
1450 900 3.28187E-01 2.37019E-02 
1450 950 3.29289E-01 2.34839E-02 
1450 1000 3.29838E-01 2.27891E-02 
1450 1050 3.27178E-01 2.39000E-02 
1450 1100 3.27908E-01 2.32657E-02 
1450 1150 3.29296E-01 2.37470E-02 
1450 1200 3.27701E-01 2.46491E-02 
1450 1250 3.30504E-01 2.42946E-02 
1450 1300 3.28155E-01 2.49969E-02 
1450 1350 3.29279E-01 2.35596E-02 
1450 1400 3.28005E-01 2.38682E-02 
1450 1450 3.27787E-01 2.50417E-02 
1450 1500 3.29879E-01 2.35353E-02 
1450 1550 3.28004E-01 2.49714E-02 
1450 1600 3.27995E-01 2.39799E-02 
1450 1650 3.29845E-01 2.36828E-02 
1450 1700 3.27804E-01 2.53454E-02 
1450 1750 3.27391E-01 2.45787E-02 
1450 1800 3.27440E-01 2.45223E-02 
1450 1850 3.28112E-01 2.40951E-02 
1450 1900 3.28386E-01 2.32586E-02 
1450 1950 3.29799E-01 2.40400E-02 
1450 2000 3.29126E-01 2.44195E-02 
1450 2050 3.30274E-01 2.47200E-02 
1500 800 3.28205E-01 2.39814E-02 
1500 850 3.27572E-01 2.37790E-02 
1500 900 3.27578E-01 2.30757E-02 
1500 950 3.27620E-01 2.43050E-02 
1500 1000 3.27688E-01 2.36597E-02 
1500 1050 3.26615E-01 2.49066E-02 
1500 1100 3.28433E-01 2.64098E-02 
1500 1150 3.29244E-01 2.50742E-02 
1500 1200 3.26665E-01 2.34749E-02 
1500 1250 3.26633E-01 2.52894E-02 
1500 1300 3.29285E-01 2.46084E-02 
1500 1350 3.26965E-01 2.64273E-02 
1500 1400 3.28172E-01 2.42979E-02 
1500 1450 3.27537E-01 2.38279E-02 
1500 1500 3.28552E-01 2.55567E-02 
1500 1550 3.28743E-01 2.45834E-02 
1500 1600 3.25423E-01 2.45309E-02 
1500 1650 3.28366E-01 2.40577E-02 
1500 1700 3.27845E-01 2.50465E-02 
1500 1750 3.27378E-01 2.40163E-02 
1500 1800 3.26495E-01 2.52700E-02 
1500 1850 3.28276E-01 2.46509E-02 
1500 1900 3.28033E-01 2.51975E-02 
1500 1950 3.26377E-01 2.57444E-02 
1500 2000 3.28736E-01 2.48767E-02 
1500 2050 3.26705E-01 2.47715E-02 
1550 800 3.24791E-01 2.51438E-02 
1550 850 3.25502E-01 2.53754E-02 
1550 900 3.24782E-01 2.53199E-02 
1550 950 3.28018E-01 2.58620E-02 
1550 1000 3.28516E-01 2.45148E-02 
1550 1050 3.27764E-01 2.48384E-02 
1550 1100 3.26892E-01 2.47872E-02 
1550 1150 3.26244E-01 2.46243E-02 
1550 1200 3.24215E-01 2.52327E-02 
1550 1250 3.27660E-01 2.53015E-02 
1550 1300 3.27032E-01 2.53187E-02 
1550 1350 3.26645E-01 2.55358E-02 
1550 1400 3.26665E-01 2.48838E-02 
1550 1450 3.26435E-01 2.65725E-02 
1550 1500 3.24524E-01 2.54958E-02 
1550 1550 3.26678E-01 2.45859E-02 
1550 1600 3.27823E-01 2.61554E-02 
1550 1650 3.25399E-01 2.48915E-02 
1550 1700 3.27603E-01 2.59763E-02 
1550 1750 3.25504E-01 2.59267E-02 
1550 1800 3.26391E-01 2.48793E-02 
1550 1850 3.24119E-01 2.40803E-02 
1550 1900 3.23468E-01 2.53745E-02 
1550 1950 3.25304E-01 2.54691E-02 
1550 2000 3.26220E-01 2.46136E-02 
1550 2050 3.24429E-01 2.45094E-02 
1600 800 3.26308E-01 2.45773E-02 
1600 850 3.25312E-01 2.51001E-02 
1600 900 3.25843E-01 2.61392E-02 
1600 950 3.27468E-01 2.61223E-02 
1600 1000 3.26308E-01 2.60379E-02 
1600 1050 3.23089E-01 2.44524E-02 
1600 1100 3.26932E-01 2.53032E-02 
1600 1150 3.24297E-01 2.46067E-02 
1600 1200 3.23295E-01 2.54917E-02 
1600 1250 3.26330E-01 2.53623E-02 
1600 1300 3.23153E-01 2.52759E-02 
1600 1350 3.24971E-01 2.55034E-02 
1600 1400 3.24750E-01 2.59096E-02 
1600 1450 3.24554E-01 2.61189E-02 
1600 1500 3.23135E-01 2.42032E-02 
1600 1550 3.23424E-01 2.55860E-02 
1600 1600 3.24523E-01 2.51178E-02 
1600 1650 3.22798E-01 2.56508E-02 
1600 1700 3.23209E-01 2.67409E-02 
1600 1750 3.25645E-01 2.52554E-02 
1600 1800 3.24656E-01 2.57597E-02 
1600 1850 3.25160E-01 2.49707E-02 
1600 1900 3.25187E-01 2.55484E-02 
1600 1950 3.25197E-01 2.53373E-02 
1600 2000 3.23302E-01 2.57044E-02 
1600 2050 3.23587E-01 2.51446E-02 
1650 800 3.25934E-01 2.59026E-02 
1650 850 3.23434E-01 2.57862E-02 
1650 900 3.23615E-01 2.54242E-02 
1650 950 3.26370E-01 2.56917E-02 
1650 1000 3.23923E-01 2.66334E-02 
1650 1050 3.23577E-01 2.58989E-02 
1650 1100 3.22665E-01 2.49975E-02 
1650 1150 3.24477E-01 2.60246E-02 
1650 1200 3.24984E-01 2.47600E-02 
1650 1250 3.24098E-01 2.51887E-02 
1650 1300 3.23569E-01 2.56426E-02 
1650 1350 3.26078E-01 2.65600E-02 
1650 1400 3.26140E-01 2.59516E-02 
1650 1450 3.21682E-01 2.63439E-02 
1650 1500 3.23153E-01 2.50986E-02 
1650 1550 3.23641E-01 2.62312E-02 
1650 1600 3.22788E-01 2.52329E-02 
1650 1650 3.26905E-01 2.55951E-02 
1650 1700 3.22612E-01 2.68763E-02 
1650 1750 3.22837E-01 2.55300E-02 
1650 1800 3.24116E-01 2.61050E-02 
1650 1850 3.23851E-01 2.49582E-02 
1650 1900 3.23892E-01 2.60145E-02 
1650 1950 3.23149E-01 2.48627E-02 
1650 2000 3.23241E-01 2.50475E-02 
1650 2050 3.22656E-01 2.59900E-02 
1700 800 3.21677E-01 2.56026E-02 
1700 850 3.21820E-01 2.65939E-02 
1700 900 3.21468E-01 2.52717E-02 
1700 950 3.23984E-01 2.59296E-02 
1700 1000 3.23275E-01 2.59747E-02 
1700 1050 3.22859E-01 2.65833E-02 
1700 1100 3.24238E-01 2.71439E-02 
1700 1150 3.20962E-01 2.66436E-02 
1700 1200 3.20735E-01 2.53975E-02 
1700 1250 3.22872E-01 2.64706E-02 
1700 1300 3.24893E-01 2.62737E-02 
1700 1350 3.21809E-01 2.55002E-02 
1700 1400 3.21157E-01 2.72809E-02 
1700 1450 3.21734E-01 2.55909E-02 
1700 1500 3.20346E-01 2.53966E-02 
1700 1550 3.23538E-01 2.54542E-02 
1700 1600 3.22647E-01 2.53503E-02 
1700 1650 3.23491E-01 2.53375E-02 
1700 1700 3.23077E-01 2.58453E-02 
1700 1750 3.22466E-01 2.54391E-02 
1700 1800 3.21581E-01 2.62393E-02 
1700 1850 3.22910E-01 2.60181E-02 
1700 1900 3.22311E-01 2.56902E-02 
1700 1950 3.21429E-01 2.64437E-02 
1700 2000 3.21164E-01 2.63719E-02 
1700 2050 3.21152E-01 2.59755E-02 
1750 800 3.23065E-01 2.55282E-02 
1750 850 3.22695E-01 2.62125E-02 
1750 900 3.22374E-01 2.70345E-02 
1750 950 3.21319E-01 2.68337E-02 
1750 1000 3.21275E-01 2.66807E-02 
1750 1050 3.18849E-01 2.62078E-02 
1750 1100 3.21056E-01 2.66638E-02 
1750 1150 3.22574E-01 2.65628E-02 
1750 1200 3.21616E-01 2.55696E-02 
1750 1250 3.20402E-01 2.59657E-02 
1750 1300 3.20222E-01 2.65591E-02 
1750 1350 3.21264E-01 2.52987E-02 
1750 1400 3.21257E-01 2.58368E-02 
1750 1450 3.21513E-01 2.60978E-02 
1750 1500 3.20510E-01 2.73685E-02 
1750 1550 3.21895E-01 2.61341E-02 
1750 1600 3.20601E-01 2.63095E-02 
1750 1650 3.22342E-01 2.73437E-02 
1750 1700 3.21759E-01 2.63191E-02 
1750 1750 3.20191E-01 2.69204E-02 
1750 1800 3.20859E-01 2.70316E-02 
1750 1850 3.19970E-01 2.58278E-02 
1750 1900 3.19440E-01 2.60504E-02 
1750 1950 3.21655E-01 2.57367E-02 
1750 2000 3.19763E-01 2.63753E-02 
1750 2050 3.23105E-01 2.66860E-02 
1800 800 3.18356E-01 2.83585E-02 
1800 850 3.20856E-01 2.71805E-02 
1800 900 3.22970E-01 2.70517E-02 
1800 950 3.22028E-01 2.65577E-02 
1800 1000 3.21804E-01 2.64130E-02 
1800 1050 3.18968E-01 2.74661E-02 
1800 1100 3.18085E-01 2.69688E-02 
1800 1150 3.20819E-01 2.69995E-02 
1800 1200 3.21568E-01 2.63983E-02 
1800 1250 3.21435E-01 2.56928E-02 
1800 1300 3.20664E-01 2.58888E-02 
1800 1350 3.21744E-01 2.72090E-02 
1800 1400 3.18100E-01 2.65071E-02 
1800 1450 3.18814E-01 2.71324E-02 
1800 1500 3.19975E-01 2.71177E-02 
1800 1550 3.20833E-01 2.69699E-02 
1800 1600 3.21644E-01 2.74389E-02 
1800 1650 3.20017E-01 2.71094E-02 
1800 1700 3.17605E-01 2.68824E-02 
1800 1750 3.19743E-01 2.71628E-02 
1800 1800 3.19875E-01 2.64357E-02 
1800 1850 3.18519E-01 2.58542E-02 
1800 1900 3.20045E-01 2.63090E-02 
1800 1950 3.20332E-01 2.58073E-02 
1800 2000 3.18657E-01 2.63627E-02 
1800 2050 3.20155E-01 2.63654E-02 
1850 800 3.17236E-01 2.74482E-02 
1850 850 3.19074E-01 2.80554E-02 
1850 900 3.19648E-01 2.68794E-02 
1850 950 3.21727E-01 2.66342E-02 
1850 1000 3.19793E-01 2.71899E-02 
1850 1050 3.19293E-01 2.69348E-02 
1850 1100 3.20168E-01 2.70806E-02 
1850 1150 3.21677E-01 2.64893E-02 
1850 1200 3.20520E-01 2.76347E-02 
1850 1250 3.19306E-01 2.71506E-02 
1850 1300 3.19343E-01 2.75498E-02 
1850 1350 3.19584E-01 2.69254E-02 
1850 1400 3.21050E-01 2.74971E-02 
1850 1450 3.19618E-01 2.81757E-02 
1850 1500 3.18827E-01 2.68617E-02 
1850 1550 3.19353E-01 2.78287E-02 
1850 1600 3.18092E-01 2.78932E-02 
1850 1650 3.17838E-01 2.68298E-02 
1850 1700 3.19154E-01 2.70043E-02 
1850 1750 3.19465E-01 2.68239E-02 
1850 1800 3.17673E-01 2.65682E-02 
1850 1850 3.19867E-01 2.77260E-02 
1850 1900 3.19900E-01 2.58940E-02 
1850 1950 3.20096E-01 2.85535E-02 
1850 2000 3.18178E-01 2.72788E-02 
1850 2050 3.21102E-01 2.70042E-02 
1900 800 3.16279E-01 2.77570E-02 
1900 850 3.18136E-01 2.84436E-02 
1900 900 3.19337E-01 2.59037E-02 
1900 950 3.21208E-01 2.72705E-02 
1900 1000 3.19650E-01 2.78733E-02 
1900 1050 3.19775E-01 2.72230E-02 
1900 1100 3.16221E-01 2.77505E-02 
1900 1150 3.18587E-01 2.76212E-02 
1900 1200 3.19748E-01 2.80152E-02 
1900 1250 3.16964E-01 2.67219E-02 
1900 1300 3.17658E-01 2.72899E-02 
1900 1350 3.19048E-01 2.87914E-02 
1900 1400 3.17443E-01 2.75248E-02 
1900 1450 3.19339E-01 2.71083E-02 
1900 1500 3.18439E-01 2.68281E-02 
1900 1550 3.19285E-01 2.78364E-02 
1900 1600 3.17807E-01 2.69143E-02 
1900 1650 3.19611E-01 2.75476E-02 
1900 1700 3.17906E-01 2.71222E-02 
1900 1750 3.19087E-01 2.68785E-02 
1900 1800 3.17379E-01 2.77416E-02 
1900 1850 3.16133E-01 2.81349E-02 
1900 1900 3.18184E-01 2.85868E-02 
1900 1950 3.19991E-01 2.86687E-02 
1900 2000 3.17503E-01 2.61997E-02 
1900 2050 3.17498E-01 2.76901E-02 
1950 800 3.17978E-01 2.72698E-02 
1950 850 3.17354E-01 2.79949E-02 
1950 900 3.18761E-01 2.69463E-02 
1950 950 3.17121E-01 2.76812E-02 
1950 1000 3.17869E-01 2.86020E-02 
1950 1050 3.16162E-01 2.80514E-02 
1950 1100 3.15345E-01 2.85581E-02 
1950 1150 3.18809E-01 2.77236E-02 
1950 1200 3.16718E-01 2.73221E-02 
1950 1250 3.18033E-01 2.67044E-02 
1950 1300 3.17789E-01 2.78088E-02 
1950 1350 3.19018E-01 2.81913E-02 
1950 1400 3.17814E-01 2.70838E-02 
1950 1450 3.18663E-01 2.71998E-02 
1950 1500 3.17339E-01 2.76346E-02 
1950 1550 3.17336E-01 2.85100E-02 
1950 1600 3.15823E-01 2.85783E-02 
1950 1650 3.17439E-01 2.78106E-02 
1950 1700 3.18824E-01 2.90396E-02 
1950 1750 3.17486E-01 2.71323E-02 
1950 1800 3.18065E-01 2.92337E-02 
1950 1850 3.18793E-01 2.86972E-02 
1950 1900 3.17189E-01 2.88214E-02 
1950 1950 3.18702E-01 2.77090E-02 
1950 2000 3.17549E-01 2.84910E-02 
1950 2050 3.14161E-01 2.73202E-02 
2000 800 3.16148E-01 2.92462E-02 
2000 850 3.16092E-01 2.77923E-02 
2000 900 3.17225E-01 2.85394E-02 
2000 950 3.16369E-01 2.89773E-02 
2000 1000 3.17703E-01 2.87220E-02 
2000 1050 3.17649E-01 2.89856E-02 
2000 1100 3.16517E-01 2.89215E-02 
2000 1150 3.15246E-01 2.76227E-02 
2000 1200 3.16331E-01 2.89222E-02 
2000 1250 3.15970E-01 2.86398E-02 
2000 1300 3.15004E-01 2.75804E-02 
2000 1350 3.14890E-01 2.93418E-02 
2000 1400 3.18444E-01 2.73227E-02 
2000 1450 3.15997E-01 2.82547E-02 
2000 1500 3.14674E-01 2.79466E-02 
2000 1550 3.17146E-01 2.74981E-02 
2000 1600 3.17157E-01 2.84009E-02 
2000 1650 3.15483E-01 2.80829E-02 
2000 1700 3.17235E-01 3.02440E-02 
2000 1750 3.16296E-01 2.85334E-02 
2000 1800 3.16477E-01 2.80515E-02 
2000 1850 3.15388E-01 2.85822E-02 
2000 1900 3.15160E-01 2.80084E-02 
2000 1950 3.13604E-01 2.91035E-02 
2000 2000 3.16346E-01 2.83650E-02 
2000 2050 3.15336E-01 2.76274E-02 
2050 800 3.15562E-01 2.82816E-02 
2050 850 3.15485E-01 2.90280E-02 
2050 900 3.16185E-01 2.88775E-02 
2050 950 3.15258E-01 2.96060E-02 
2050 1000 3.16467E-01 2.77816E-02 
2050 1050 3.16696E-01 2.81999E-02 
2050 1100 3.14972E-01 2.83430E-02 
2050 1150 3.14809E-01 2.94816E-02 
2050 1200 3.18135E-01 2.85961E-02 
2050 1250 3.13801E-01 2.89221E-02 
2050 1300 3.16176E-01 2.77062E-02 
2050 1350 3.14882E-01 2.82712E-02 
2050 1400 3.16338E-01 2.82743E-02 
2050 1450 3.14954E-01 2.72797E-02 
2050 1500 3.16650E-01 2.77844E-02 
2050 1550 3.16918E-01 2.93630E-02 
2050 1600 3.15298E-01 2.83082E-02 
2050 1650 3.16097E-01 2.89334E-02 
2050 1700 3.15978E-01 2.81530E-02 
2050 1750 3.17163E-01 2.88148E-02 
2050 1800 3.14293E-01 2.80381E-02 
2050 1850 3.15129E-01 2.84846E-02 
2050 1900 3.13520E-01 2.74084E-02 
2050 1950 3.16983E-01 2.84198E-02 
2050 2000 3.13354E-01 2.88140E-02 
2050 2050 3.16559E-01 2.88588E-02 
