800 1.51435E+00 2.38598E+00 
850 1.51840E+00 2.34416E+00 
900 1.53096E+00 2.33447E+00 
950 1.53180E+00 2.30601E+00 
1000 1.52783E+00 2.30623E+00 
1050 1.53729E+00 2.27800E+00 
1100 1.55199E+00 2.32629E+00 
1150 1.55005E+00 2.24326E+00 
1200 1.56258E+00 2.23551E+00 
1250 1.56265E+00 2.20879E+00 
1300 1.57344E+00 2.20979E+00 
1350 1.57189E+00 2.24476E+00 
1400 1.57979E+00 2.20240E+00 
1450 1.58514E+00 2.20638E+00 
1500 1.59388E+00 2.19359E+00 
1550 1.59532E+00 2.18591E+00 
1600 1.59431E+00 2.17297E+00 
1650 1.59758E+00 2.18994E+00 
1700 1.60161E+00 2.17602E+00 
1750 1.60835E+00 2.16946E+00 
1800 1.61111E+00 2.17341E+00 
1850 1.61089E+00 2.16380E+00 
1900 1.61714E+00 2.15688E+00 
1950 1.61859E+00 2.14864E+00 
2000 1.63038E+00 2.16329E+00 
