800 1.04118E-07 2.27838E-06 
850 1.04092E-07 2.26938E-06 
900 1.04041E-07 2.25967E-06 
950 1.04061E-07 2.25200E-06 
1000 1.04061E-07 2.24443E-06 
1050 1.04173E-07 2.23735E-06 
1100 1.04173E-07 2.22854E-06 
1150 1.04033E-07 2.22165E-06 
1200 1.04099E-07 2.21498E-06 
1250 1.04161E-07 2.21023E-06 
1300 1.04229E-07 2.20418E-06 
1350 1.04315E-07 2.19893E-06 
1400 1.04283E-07 2.19349E-06 
1450 1.04365E-07 2.18664E-06 
1500 1.04374E-07 2.18342E-06 
1550 1.04393E-07 2.17957E-06 
1600 1.04507E-07 2.17507E-06 
1650 1.04452E-07 2.17242E-06 
1700 1.04612E-07 2.16770E-06 
1750 1.04391E-07 2.16316E-06 
1800 1.04572E-07 2.16161E-06 
1850 1.04584E-07 2.15751E-06 
1900 1.04611E-07 2.15520E-06 
1950 1.04605E-07 2.15656E-06 
2000 1.04521E-07 2.15197E-06 
