800 3.61780E-03 2.02421E-02 
850 3.59235E-03 1.99640E-02 
900 3.55656E-03 1.97400E-02 
950 3.50628E-03 1.95252E-02 
1000 3.49681E-03 1.92737E-02 
1050 3.46715E-03 1.90701E-02 
1100 3.43206E-03 1.88461E-02 
1150 3.39582E-03 1.86150E-02 
1200 3.36633E-03 1.84028E-02 
1250 3.32837E-03 1.82089E-02 
1300 3.30451E-03 1.80437E-02 
1350 3.26012E-03 1.78465E-02 
1400 3.23918E-03 1.76502E-02 
1450 3.19796E-03 1.74709E-02 
1500 3.17261E-03 1.72955E-02 
1550 3.13709E-03 1.71229E-02 
1600 3.10513E-03 1.69174E-02 
1650 3.06833E-03 1.67533E-02 
1700 3.03429E-03 1.65830E-02 
1750 3.00509E-03 1.64251E-02 
1800 2.96324E-03 1.62247E-02 
1850 2.94137E-03 1.60913E-02 
1900 2.88682E-03 1.59372E-02 
1950 2.86094E-03 1.57797E-02 
2000 2.83082E-03 1.56002E-02 
