800 6.27622E-08 1.96479E-06 
850 6.23978E-08 1.96035E-06 
900 6.22785E-08 1.95246E-06 
950 6.20410E-08 1.94303E-06 
1000 6.17818E-08 1.94024E-06 
1050 6.18330E-08 1.93105E-06 
1100 6.15674E-08 1.92801E-06 
1150 6.13885E-08 1.92255E-06 
1200 6.11909E-08 1.91372E-06 
1250 6.11228E-08 1.90722E-06 
1300 6.10310E-08 1.90220E-06 
1350 6.09219E-08 1.90099E-06 
1400 6.09159E-08 1.89394E-06 
1450 6.07677E-08 1.88752E-06 
1500 6.07833E-08 1.88317E-06 
1550 6.05184E-08 1.87743E-06 
1600 6.05450E-08 1.87395E-06 
1650 6.05527E-08 1.86817E-06 
1700 6.03223E-08 1.86152E-06 
1750 6.01976E-08 1.85782E-06 
1800 6.01149E-08 1.85692E-06 
1850 6.01373E-08 1.85022E-06 
1900 6.01484E-08 1.84273E-06 
1950 6.00656E-08 1.84024E-06 
2000 5.99725E-08 1.83662E-06 
