800 3.04606E-01 2.15423E-03 8.32133E-04 2.78127E-01 
850 3.04743E-01 2.34139E-03 8.38298E-04 2.78233E-01 
900 3.04717E-01 2.48878E-03 8.32153E-04 2.78342E-01 
950 3.04857E-01 2.70999E-03 8.42244E-04 2.78382E-01 
1000 3.04996E-01 2.73620E-03 8.31194E-04 2.78633E-01 
1050 3.05091E-01 2.89673E-03 8.40912E-04 2.78701E-01 
1100 3.05202E-01 3.18390E-03 8.53289E-04 2.78702E-01 
1150 3.05276E-01 3.45094E-03 8.45608E-04 2.78694E-01 
1200 3.05286E-01 3.62197E-03 8.46337E-04 2.78737E-01 
1250 3.05350E-01 3.84420E-03 8.43659E-04 2.78769E-01 
1300 3.05376E-01 4.08900E-03 8.59237E-04 2.78768E-01 
1350 3.05436E-01 4.26429E-03 8.65945E-04 2.78877E-01 
1400 3.05526E-01 4.54468E-03 8.55695E-04 2.78834E-01 
1450 3.05617E-01 4.60453E-03 8.51635E-04 2.78985E-01 
1500 3.05641E-01 4.86271E-03 8.69940E-04 2.78949E-01 
1550 3.05709E-01 5.07626E-03 8.66055E-04 2.78975E-01 
1600 3.05752E-01 5.22284E-03 8.67334E-04 2.79075E-01 
1650 3.05744E-01 5.58952E-03 8.74486E-04 2.78920E-01 
1700 3.05820E-01 5.82895E-03 8.85549E-04 2.78888E-01 
1750 3.05841E-01 6.03992E-03 8.84136E-04 2.78905E-01 
1800 3.05997E-01 6.34400E-03 8.81762E-04 2.78850E-01 
1850 3.05986E-01 6.54564E-03 8.90953E-04 2.78860E-01 
1900 3.05986E-01 6.85196E-03 9.04485E-04 2.78729E-01 
1950 3.05987E-01 6.96696E-03 8.96313E-04 2.78852E-01 
2000 3.06116E-01 7.27021E-03 9.05492E-04 2.78776E-01 
