800 800 5.29489E+01 4.54136E+00 
800 850 5.29295E+01 4.51054E+00 
800 900 5.29632E+01 4.53406E+00 
800 950 5.29561E+01 4.54795E+00 
800 1000 5.30513E+01 4.56003E+00 
800 1050 5.30382E+01 4.51251E+00 
800 1100 5.29368E+01 4.53085E+00 
800 1150 5.30179E+01 4.54132E+00 
800 1200 5.30658E+01 4.52644E+00 
800 1250 5.30006E+01 4.54991E+00 
800 1300 5.30754E+01 4.57037E+00 
800 1350 5.31456E+01 4.53185E+00 
800 1400 5.28514E+01 4.55182E+00 
800 1450 5.31821E+01 4.51808E+00 
800 1500 5.30152E+01 4.51584E+00 
800 1550 5.29419E+01 4.55282E+00 
800 1600 5.29983E+01 4.53945E+00 
800 1650 5.29676E+01 4.55103E+00 
800 1700 5.30117E+01 4.51973E+00 
800 1750 5.28831E+01 4.54365E+00 
800 1800 5.29735E+01 4.53056E+00 
800 1850 5.30960E+01 4.52035E+00 
800 1900 5.30507E+01 4.51527E+00 
800 1950 5.30214E+01 4.54892E+00 
800 2000 5.30141E+01 4.55399E+00 
800 2050 5.29947E+01 4.53813E+00 
850 800 5.29229E+01 4.52733E+00 
850 850 5.28222E+01 4.54220E+00 
850 900 5.29448E+01 4.53295E+00 
850 950 5.30394E+01 4.52295E+00 
850 1000 5.30263E+01 4.53186E+00 
850 1050 5.29206E+01 4.51293E+00 
850 1100 5.29521E+01 4.52475E+00 
850 1150 5.29713E+01 4.52811E+00 
850 1200 5.30508E+01 4.52527E+00 
850 1250 5.29276E+01 4.49813E+00 
850 1300 5.29020E+01 4.54408E+00 
850 1350 5.29931E+01 4.53218E+00 
850 1400 5.30451E+01 4.49909E+00 
850 1450 5.30056E+01 4.52901E+00 
850 1500 5.29714E+01 4.52738E+00 
850 1550 5.30052E+01 4.50720E+00 
850 1600 5.30436E+01 4.52016E+00 
850 1650 5.29398E+01 4.52884E+00 
850 1700 5.30271E+01 4.51799E+00 
850 1750 5.30066E+01 4.53015E+00 
850 1800 5.28824E+01 4.50577E+00 
850 1850 5.30328E+01 4.50201E+00 
850 1900 5.29541E+01 4.52635E+00 
850 1950 5.29625E+01 4.52279E+00 
850 2000 5.28833E+01 4.52345E+00 
850 2050 5.29611E+01 4.51926E+00 
900 800 5.29140E+01 4.50594E+00 
900 850 5.28395E+01 4.49334E+00 
900 900 5.31243E+01 4.52427E+00 
900 950 5.29547E+01 4.51092E+00 
900 1000 5.30057E+01 4.50046E+00 
900 1050 5.29222E+01 4.51375E+00 
900 1100 5.28756E+01 4.51866E+00 
900 1150 5.29291E+01 4.50664E+00 
900 1200 5.28049E+01 4.49532E+00 
900 1250 5.29383E+01 4.51395E+00 
900 1300 5.29202E+01 4.49379E+00 
900 1350 5.29752E+01 4.50671E+00 
900 1400 5.30218E+01 4.48402E+00 
900 1450 5.28001E+01 4.50122E+00 
900 1500 5.30453E+01 4.52734E+00 
900 1550 5.28968E+01 4.53939E+00 
900 1600 5.29020E+01 4.49640E+00 
900 1650 5.29466E+01 4.49796E+00 
900 1700 5.29439E+01 4.49181E+00 
900 1750 5.28056E+01 4.50331E+00 
900 1800 5.27761E+01 4.51047E+00 
900 1850 5.29770E+01 4.46956E+00 
900 1900 5.28820E+01 4.50679E+00 
900 1950 5.28594E+01 4.51206E+00 
900 2000 5.29716E+01 4.47328E+00 
900 2050 5.30287E+01 4.52518E+00 
950 800 5.26675E+01 4.50310E+00 
950 850 5.29418E+01 4.48994E+00 
950 900 5.28164E+01 4.49414E+00 
950 950 5.28885E+01 4.45900E+00 
950 1000 5.28566E+01 4.49944E+00 
950 1050 5.27346E+01 4.49232E+00 
950 1100 5.29575E+01 4.48674E+00 
950 1150 5.28128E+01 4.51528E+00 
950 1200 5.28494E+01 4.49173E+00 
950 1250 5.28923E+01 4.47304E+00 
950 1300 5.28240E+01 4.49447E+00 
950 1350 5.29561E+01 4.47738E+00 
950 1400 5.29580E+01 4.51287E+00 
950 1450 5.29631E+01 4.46797E+00 
950 1500 5.28927E+01 4.47358E+00 
950 1550 5.28742E+01 4.46847E+00 
950 1600 5.28414E+01 4.50343E+00 
950 1650 5.29586E+01 4.47248E+00 
950 1700 5.29075E+01 4.52060E+00 
950 1750 5.28516E+01 4.50475E+00 
950 1800 5.28227E+01 4.47948E+00 
950 1850 5.28776E+01 4.50173E+00 
950 1900 5.28536E+01 4.47496E+00 
950 1950 5.29406E+01 4.49321E+00 
950 2000 5.28931E+01 4.46754E+00 
950 2050 5.27777E+01 4.48405E+00 
1000 800 5.28419E+01 4.46777E+00 
1000 850 5.27723E+01 4.52110E+00 
1000 900 5.28989E+01 4.44860E+00 
1000 950 5.27917E+01 4.47615E+00 
1000 1000 5.27674E+01 4.49961E+00 
1000 1050 5.27448E+01 4.48550E+00 
1000 1100 5.28910E+01 4.46559E+00 
1000 1150 5.28144E+01 4.50101E+00 
1000 1200 5.26829E+01 4.50409E+00 
1000 1250 5.28231E+01 4.50315E+00 
1000 1300 5.27523E+01 4.48232E+00 
1000 1350 5.28347E+01 4.52397E+00 
1000 1400 5.27815E+01 4.44933E+00 
1000 1450 5.28726E+01 4.49018E+00 
1000 1500 5.29223E+01 4.48899E+00 
1000 1550 5.27762E+01 4.48918E+00 
1000 1600 5.27953E+01 4.47348E+00 
1000 1650 5.28103E+01 4.46319E+00 
1000 1700 5.28310E+01 4.43763E+00 
1000 1750 5.28106E+01 4.47519E+00 
1000 1800 5.27868E+01 4.47404E+00 
1000 1850 5.28901E+01 4.47434E+00 
1000 1900 5.29193E+01 4.47579E+00 
1000 1950 5.27922E+01 4.49065E+00 
1000 2000 5.28363E+01 4.46174E+00 
1000 2050 5.28061E+01 4.47076E+00 
1050 800 5.27937E+01 4.46436E+00 
1050 850 5.26606E+01 4.45788E+00 
1050 900 5.27816E+01 4.48933E+00 
1050 950 5.27720E+01 4.49884E+00 
1050 1000 5.27199E+01 4.47082E+00 
1050 1050 5.27434E+01 4.47518E+00 
1050 1100 5.27094E+01 4.48705E+00 
1050 1150 5.28249E+01 4.44993E+00 
1050 1200 5.27621E+01 4.43024E+00 
1050 1250 5.27305E+01 4.47798E+00 
1050 1300 5.27872E+01 4.48285E+00 
1050 1350 5.28043E+01 4.45779E+00 
1050 1400 5.27504E+01 4.42973E+00 
1050 1450 5.27969E+01 4.46456E+00 
1050 1500 5.27767E+01 4.46118E+00 
1050 1550 5.27988E+01 4.47698E+00 
1050 1600 5.27596E+01 4.46952E+00 
1050 1650 5.27479E+01 4.47179E+00 
1050 1700 5.27368E+01 4.47350E+00 
1050 1750 5.28529E+01 4.48029E+00 
1050 1800 5.28356E+01 4.45695E+00 
1050 1850 5.28342E+01 4.47882E+00 
1050 1900 5.27347E+01 4.48176E+00 
1050 1950 5.28049E+01 4.47421E+00 
1050 2000 5.28285E+01 4.46346E+00 
1050 2050 5.28026E+01 4.46706E+00 
1100 800 5.28018E+01 4.44241E+00 
1100 850 5.27172E+01 4.45637E+00 
1100 900 5.27523E+01 4.45582E+00 
1100 950 5.26448E+01 4.48280E+00 
1100 1000 5.27750E+01 4.47615E+00 
1100 1050 5.26119E+01 4.44820E+00 
1100 1100 5.25878E+01 4.48061E+00 
1100 1150 5.26940E+01 4.45130E+00 
1100 1200 5.26967E+01 4.46275E+00 
1100 1250 5.27369E+01 4.46424E+00 
1100 1300 5.27808E+01 4.47004E+00 
1100 1350 5.26017E+01 4.47236E+00 
1100 1400 5.28651E+01 4.45687E+00 
1100 1450 5.27907E+01 4.43791E+00 
1100 1500 5.27641E+01 4.46223E+00 
1100 1550 5.27861E+01 4.46513E+00 
1100 1600 5.26945E+01 4.44872E+00 
1100 1650 5.26770E+01 4.45302E+00 
1100 1700 5.27258E+01 4.47763E+00 
1100 1750 5.27381E+01 4.47727E+00 
1100 1800 5.28205E+01 4.43733E+00 
1100 1850 5.27634E+01 4.47232E+00 
1100 1900 5.27794E+01 4.45086E+00 
1100 1950 5.27073E+01 4.46597E+00 
1100 2000 5.26750E+01 4.44653E+00 
1100 2050 5.28083E+01 4.44894E+00 
1150 800 5.26500E+01 4.43414E+00 
1150 850 5.25773E+01 4.43363E+00 
1150 900 5.28011E+01 4.43163E+00 
1150 950 5.27504E+01 4.46324E+00 
1150 1000 5.27976E+01 4.47244E+00 
1150 1050 5.26925E+01 4.47074E+00 
1150 1100 5.27515E+01 4.46086E+00 
1150 1150 5.27588E+01 4.46123E+00 
1150 1200 5.26600E+01 4.42390E+00 
1150 1250 5.25978E+01 4.43630E+00 
1150 1300 5.27986E+01 4.41158E+00 
1150 1350 5.25531E+01 4.47706E+00 
1150 1400 5.28138E+01 4.46489E+00 
1150 1450 5.28301E+01 4.43606E+00 
1150 1500 5.26592E+01 4.41772E+00 
1150 1550 5.28682E+01 4.48197E+00 
1150 1600 5.26291E+01 4.44710E+00 
1150 1650 5.27478E+01 4.45330E+00 
1150 1700 5.26924E+01 4.44270E+00 
1150 1750 5.27078E+01 4.45141E+00 
1150 1800 5.25985E+01 4.45532E+00 
1150 1850 5.27222E+01 4.42539E+00 
1150 1900 5.27531E+01 4.46200E+00 
1150 1950 5.27020E+01 4.43273E+00 
1150 2000 5.27820E+01 4.42122E+00 
1150 2050 5.26606E+01 4.43316E+00 
1200 800 5.27059E+01 4.43307E+00 
1200 850 5.25947E+01 4.41442E+00 
1200 900 5.26090E+01 4.44511E+00 
1200 950 5.27226E+01 4.42072E+00 
1200 1000 5.25073E+01 4.44959E+00 
1200 1050 5.26467E+01 4.42308E+00 
1200 1100 5.27005E+01 4.43945E+00 
1200 1150 5.26773E+01 4.44131E+00 
1200 1200 5.26673E+01 4.44590E+00 
1200 1250 5.27527E+01 4.40708E+00 
1200 1300 5.27244E+01 4.40858E+00 
1200 1350 5.27436E+01 4.43401E+00 
1200 1400 5.25906E+01 4.42042E+00 
1200 1450 5.26218E+01 4.44608E+00 
1200 1500 5.27106E+01 4.43492E+00 
1200 1550 5.27600E+01 4.47025E+00 
1200 1600 5.25985E+01 4.42864E+00 
1200 1650 5.26411E+01 4.44297E+00 
1200 1700 5.26629E+01 4.44744E+00 
1200 1750 5.27095E+01 4.44073E+00 
1200 1800 5.26341E+01 4.44309E+00 
1200 1850 5.25486E+01 4.43853E+00 
1200 1900 5.27132E+01 4.42807E+00 
1200 1950 5.27303E+01 4.42879E+00 
1200 2000 5.27117E+01 4.43434E+00 
1200 2050 5.28258E+01 4.40587E+00 
1250 800 5.25449E+01 4.42926E+00 
1250 850 5.26668E+01 4.41770E+00 
1250 900 5.25836E+01 4.41603E+00 
1250 950 5.25935E+01 4.42124E+00 
1250 1000 5.26147E+01 4.41200E+00 
1250 1050 5.26491E+01 4.42405E+00 
1250 1100 5.26963E+01 4.43131E+00 
1250 1150 5.25498E+01 4.44771E+00 
1250 1200 5.25535E+01 4.41489E+00 
1250 1250 5.26187E+01 4.41537E+00 
1250 1300 5.25388E+01 4.42995E+00 
1250 1350 5.26554E+01 4.43972E+00 
1250 1400 5.26128E+01 4.44289E+00 
1250 1450 5.26232E+01 4.39316E+00 
1250 1500 5.26893E+01 4.42893E+00 
1250 1550 5.26658E+01 4.41424E+00 
1250 1600 5.26283E+01 4.41243E+00 
1250 1650 5.25466E+01 4.40429E+00 
1250 1700 5.25252E+01 4.43715E+00 
1250 1750 5.25052E+01 4.41261E+00 
1250 1800 5.25671E+01 4.41122E+00 
1250 1850 5.25346E+01 4.41372E+00 
1250 1900 5.25921E+01 4.40441E+00 
1250 1950 5.26664E+01 4.40145E+00 
1250 2000 5.27043E+01 4.41873E+00 
1250 2050 5.25625E+01 4.43224E+00 
1300 800 5.26506E+01 4.38777E+00 
1300 850 5.25777E+01 4.41611E+00 
1300 900 5.26583E+01 4.39731E+00 
1300 950 5.24338E+01 4.44207E+00 
1300 1000 5.25573E+01 4.44239E+00 
1300 1050 5.26009E+01 4.40723E+00 
1300 1100 5.24211E+01 4.42069E+00 
1300 1150 5.25846E+01 4.44421E+00 
1300 1200 5.25919E+01 4.42162E+00 
1300 1250 5.27481E+01 4.40944E+00 
1300 1300 5.24819E+01 4.39588E+00 
1300 1350 5.26167E+01 4.43646E+00 
1300 1400 5.25382E+01 4.42126E+00 
1300 1450 5.24888E+01 4.41107E+00 
1300 1500 5.25547E+01 4.42390E+00 
1300 1550 5.26063E+01 4.40291E+00 
1300 1600 5.26449E+01 4.43311E+00 
1300 1650 5.26181E+01 4.40993E+00 
1300 1700 5.24395E+01 4.43233E+00 
1300 1750 5.26249E+01 4.42681E+00 
1300 1800 5.25819E+01 4.41599E+00 
1300 1850 5.25134E+01 4.39941E+00 
1300 1900 5.25930E+01 4.40621E+00 
1300 1950 5.25393E+01 4.41430E+00 
1300 2000 5.25416E+01 4.39736E+00 
1300 2050 5.26319E+01 4.41748E+00 
1350 800 5.25925E+01 4.39648E+00 
1350 850 5.24577E+01 4.39683E+00 
1350 900 5.25782E+01 4.38733E+00 
1350 950 5.26621E+01 4.40042E+00 
1350 1000 5.25960E+01 4.39807E+00 
1350 1050 5.25723E+01 4.41355E+00 
1350 1100 5.25785E+01 4.40217E+00 
1350 1150 5.24951E+01 4.38970E+00 
1350 1200 5.25834E+01 4.41160E+00 
1350 1250 5.24521E+01 4.42838E+00 
1350 1300 5.25521E+01 4.40572E+00 
1350 1350 5.25058E+01 4.39892E+00 
1350 1400 5.24977E+01 4.40147E+00 
1350 1450 5.26310E+01 4.38612E+00 
1350 1500 5.24893E+01 4.41925E+00 
1350 1550 5.25414E+01 4.39759E+00 
1350 1600 5.25060E+01 4.37354E+00 
1350 1650 5.25053E+01 4.41000E+00 
1350 1700 5.25488E+01 4.38273E+00 
1350 1750 5.25485E+01 4.39729E+00 
1350 1800 5.25289E+01 4.39269E+00 
1350 1850 5.25650E+01 4.39594E+00 
1350 1900 5.26195E+01 4.40659E+00 
1350 1950 5.26041E+01 4.39704E+00 
1350 2000 5.25205E+01 4.41170E+00 
1350 2050 5.25810E+01 4.39266E+00 
1400 800 5.24484E+01 4.37892E+00 
1400 850 5.24793E+01 4.40061E+00 
1400 900 5.25768E+01 4.35791E+00 
1400 950 5.25619E+01 4.39940E+00 
1400 1000 5.24816E+01 4.37930E+00 
1400 1050 5.25133E+01 4.42614E+00 
1400 1100 5.24761E+01 4.38973E+00 
1400 1150 5.25657E+01 4.38127E+00 
1400 1200 5.24570E+01 4.37763E+00 
1400 1250 5.25614E+01 4.39383E+00 
1400 1300 5.24145E+01 4.40197E+00 
1400 1350 5.26411E+01 4.41733E+00 
1400 1400 5.25841E+01 4.39089E+00 
1400 1450 5.25411E+01 4.40806E+00 
1400 1500 5.25702E+01 4.39297E+00 
1400 1550 5.25171E+01 4.39820E+00 
1400 1600 5.25875E+01 4.39367E+00 
1400 1650 5.24011E+01 4.37783E+00 
1400 1700 5.25176E+01 4.39284E+00 
1400 1750 5.24917E+01 4.37226E+00 
1400 1800 5.25604E+01 4.39310E+00 
1400 1850 5.25864E+01 4.39121E+00 
1400 1900 5.25352E+01 4.34281E+00 
1400 1950 5.24891E+01 4.41736E+00 
1400 2000 5.25078E+01 4.39279E+00 
1400 2050 5.25136E+01 4.39585E+00 
1450 800 5.24123E+01 4.41443E+00 
1450 850 5.24526E+01 4.36755E+00 
1450 900 5.24618E+01 4.35724E+00 
1450 950 5.25752E+01 4.41301E+00 
1450 1000 5.24598E+01 4.35701E+00 
1450 1050 5.24630E+01 4.37235E+00 
1450 1100 5.24549E+01 4.36335E+00 
1450 1150 5.25650E+01 4.39908E+00 
1450 1200 5.24471E+01 4.39722E+00 
1450 1250 5.25251E+01 4.38163E+00 
1450 1300 5.26789E+01 4.36816E+00 
1450 1350 5.24756E+01 4.42415E+00 
1450 1400 5.25764E+01 4.39133E+00 
1450 1450 5.25235E+01 4.35673E+00 
1450 1500 5.24607E+01 4.38715E+00 
1450 1550 5.24896E+01 4.36678E+00 
1450 1600 5.25175E+01 4.37432E+00 
1450 1650 5.24290E+01 4.38141E+00 
1450 1700 5.23896E+01 4.37235E+00 
1450 1750 5.24602E+01 4.37506E+00 
1450 1800 5.24527E+01 4.37772E+00 
1450 1850 5.25488E+01 4.37595E+00 
1450 1900 5.24473E+01 4.38614E+00 
1450 1950 5.24624E+01 4.39157E+00 
1450 2000 5.24893E+01 4.38284E+00 
1450 2050 5.24658E+01 4.40078E+00 
1500 800 5.24924E+01 4.39034E+00 
1500 850 5.24736E+01 4.37922E+00 
1500 900 5.24827E+01 4.36035E+00 
1500 950 5.24006E+01 4.38113E+00 
1500 1000 5.24844E+01 4.37130E+00 
1500 1050 5.24739E+01 4.34254E+00 
1500 1100 5.25976E+01 4.38748E+00 
1500 1150 5.24811E+01 4.38007E+00 
1500 1200 5.24178E+01 4.39023E+00 
1500 1250 5.23917E+01 4.36926E+00 
1500 1300 5.24152E+01 4.39011E+00 
1500 1350 5.24573E+01 4.37341E+00 
1500 1400 5.23785E+01 4.38089E+00 
1500 1450 5.25490E+01 4.34591E+00 
1500 1500 5.24855E+01 4.38218E+00 
1500 1550 5.24745E+01 4.38921E+00 
1500 1600 5.25100E+01 4.36098E+00 
1500 1650 5.23965E+01 4.39591E+00 
1500 1700 5.25496E+01 4.37148E+00 
1500 1750 5.24156E+01 4.39866E+00 
1500 1800 5.24691E+01 4.34846E+00 
1500 1850 5.23914E+01 4.36091E+00 
1500 1900 5.24747E+01 4.37977E+00 
1500 1950 5.25240E+01 4.36655E+00 
1500 2000 5.24672E+01 4.37430E+00 
1500 2050 5.24385E+01 4.38591E+00 
1550 800 5.24071E+01 4.36736E+00 
1550 850 5.23897E+01 4.35526E+00 
1550 900 5.23950E+01 4.35652E+00 
1550 950 5.24067E+01 4.37986E+00 
1550 1000 5.24673E+01 4.39623E+00 
1550 1050 5.23701E+01 4.37135E+00 
1550 1100 5.24306E+01 4.36643E+00 
1550 1150 5.24460E+01 4.37316E+00 
1550 1200 5.24474E+01 4.34248E+00 
1550 1250 5.23196E+01 4.38293E+00 
1550 1300 5.24082E+01 4.36666E+00 
1550 1350 5.23897E+01 4.38700E+00 
1550 1400 5.23468E+01 4.38239E+00 
1550 1450 5.24331E+01 4.34001E+00 
1550 1500 5.23826E+01 4.35321E+00 
1550 1550 5.24368E+01 4.35885E+00 
1550 1600 5.23476E+01 4.35609E+00 
1550 1650 5.24847E+01 4.33434E+00 
1550 1700 5.25076E+01 4.37597E+00 
1550 1750 5.24111E+01 4.35295E+00 
1550 1800 5.23808E+01 4.34727E+00 
1550 1850 5.24026E+01 4.32641E+00 
1550 1900 5.24817E+01 4.36834E+00 
1550 1950 5.23635E+01 4.35820E+00 
1550 2000 5.23851E+01 4.36664E+00 
1550 2050 5.24235E+01 4.33222E+00 
1600 800 5.23469E+01 4.37176E+00 
1600 850 5.24191E+01 4.35923E+00 
1600 900 5.22176E+01 4.38366E+00 
1600 950 5.22842E+01 4.37135E+00 
1600 1000 5.23981E+01 4.37823E+00 
1600 1050 5.24719E+01 4.36389E+00 
1600 1100 5.23561E+01 4.36550E+00 
1600 1150 5.24492E+01 4.35980E+00 
1600 1200 5.24964E+01 4.34959E+00 
1600 1250 5.24539E+01 4.36384E+00 
1600 1300 5.24463E+01 4.35989E+00 
1600 1350 5.24051E+01 4.34428E+00 
1600 1400 5.24684E+01 4.35864E+00 
1600 1450 5.24373E+01 4.35383E+00 
1600 1500 5.23754E+01 4.34890E+00 
1600 1550 5.24466E+01 4.33811E+00 
1600 1600 5.24154E+01 4.36865E+00 
1600 1650 5.24507E+01 4.35832E+00 
1600 1700 5.24044E+01 4.35044E+00 
1600 1750 5.23586E+01 4.34285E+00 
1600 1800 5.23776E+01 4.35445E+00 
1600 1850 5.23726E+01 4.34099E+00 
1600 1900 5.24015E+01 4.36988E+00 
1600 1950 5.24566E+01 4.39008E+00 
1600 2000 5.23811E+01 4.33704E+00 
1600 2050 5.23965E+01 4.32243E+00 
1650 800 5.22418E+01 4.36372E+00 
1650 850 5.22731E+01 4.33302E+00 
1650 900 5.23315E+01 4.36554E+00 
1650 950 5.23397E+01 4.36179E+00 
1650 1000 5.23370E+01 4.34342E+00 
1650 1050 5.22818E+01 4.34828E+00 
1650 1100 5.23653E+01 4.34209E+00 
1650 1150 5.24034E+01 4.35331E+00 
1650 1200 5.23404E+01 4.33877E+00 
1650 1250 5.23392E+01 4.34888E+00 
1650 1300 5.23149E+01 4.33419E+00 
1650 1350 5.23660E+01 4.34833E+00 
1650 1400 5.23436E+01 4.35009E+00 
1650 1450 5.24191E+01 4.34650E+00 
1650 1500 5.24487E+01 4.35929E+00 
1650 1550 5.23987E+01 4.35450E+00 
1650 1600 5.23373E+01 4.33039E+00 
1650 1650 5.23297E+01 4.36242E+00 
1650 1700 5.22988E+01 4.33660E+00 
1650 1750 5.23336E+01 4.34852E+00 
1650 1800 5.23214E+01 4.33959E+00 
1650 1850 5.23918E+01 4.35053E+00 
1650 1900 5.24273E+01 4.35705E+00 
1650 1950 5.22872E+01 4.32589E+00 
1650 2000 5.23617E+01 4.35832E+00 
1650 2050 5.24028E+01 4.33793E+00 
1700 800 5.22437E+01 4.32797E+00 
1700 850 5.23786E+01 4.33192E+00 
1700 900 5.22667E+01 4.33359E+00 
1700 950 5.23136E+01 4.34693E+00 
1700 1000 5.23974E+01 4.35097E+00 
1700 1050 5.23931E+01 4.33813E+00 
1700 1100 5.23272E+01 4.35220E+00 
1700 1150 5.24445E+01 4.34179E+00 
1700 1200 5.23773E+01 4.31495E+00 
1700 1250 5.22963E+01 4.36291E+00 
1700 1300 5.22582E+01 4.32722E+00 
1700 1350 5.25318E+01 4.33826E+00 
1700 1400 5.23753E+01 4.33475E+00 
1700 1450 5.24186E+01 4.34271E+00 
1700 1500 5.23399E+01 4.32024E+00 
1700 1550 5.22982E+01 4.33381E+00 
1700 1600 5.23577E+01 4.33700E+00 
1700 1650 5.23288E+01 4.35231E+00 
1700 1700 5.24517E+01 4.34666E+00 
1700 1750 5.23655E+01 4.33594E+00 
1700 1800 5.22912E+01 4.33132E+00 
1700 1850 5.23543E+01 4.32507E+00 
1700 1900 5.24124E+01 4.33768E+00 
1700 1950 5.23989E+01 4.34558E+00 
1700 2000 5.22687E+01 4.35748E+00 
1700 2050 5.23596E+01 4.32826E+00 
1750 800 5.22891E+01 4.32336E+00 
1750 850 5.23052E+01 4.31092E+00 
1750 900 5.22615E+01 4.34128E+00 
1750 950 5.23763E+01 4.32572E+00 
1750 1000 5.22208E+01 4.32783E+00 
1750 1050 5.22676E+01 4.31686E+00 
1750 1100 5.22709E+01 4.34472E+00 
1750 1150 5.23285E+01 4.33453E+00 
1750 1200 5.23401E+01 4.33422E+00 
1750 1250 5.22520E+01 4.33808E+00 
1750 1300 5.22819E+01 4.32846E+00 
1750 1350 5.23988E+01 4.34372E+00 
1750 1400 5.24176E+01 4.31244E+00 
1750 1450 5.23262E+01 4.34500E+00 
1750 1500 5.22354E+01 4.30678E+00 
1750 1550 5.22591E+01 4.32360E+00 
1750 1600 5.23203E+01 4.33202E+00 
1750 1650 5.22801E+01 4.35310E+00 
1750 1700 5.22417E+01 4.35394E+00 
1750 1750 5.22914E+01 4.33207E+00 
1750 1800 5.22910E+01 4.33132E+00 
1750 1850 5.22284E+01 4.32724E+00 
1750 1900 5.23723E+01 4.32538E+00 
1750 1950 5.22783E+01 4.33340E+00 
1750 2000 5.23368E+01 4.29328E+00 
1750 2050 5.22544E+01 4.33638E+00 
1800 800 5.22409E+01 4.30765E+00 
1800 850 5.22895E+01 4.29267E+00 
1800 900 5.21898E+01 4.36270E+00 
1800 950 5.22488E+01 4.32030E+00 
1800 1000 5.23654E+01 4.31519E+00 
1800 1050 5.23134E+01 4.30854E+00 
1800 1100 5.21975E+01 4.31564E+00 
1800 1150 5.22970E+01 4.31527E+00 
1800 1200 5.23305E+01 4.32038E+00 
1800 1250 5.22758E+01 4.29615E+00 
1800 1300 5.22018E+01 4.32451E+00 
1800 1350 5.23098E+01 4.30986E+00 
1800 1400 5.23183E+01 4.30920E+00 
1800 1450 5.23465E+01 4.31870E+00 
1800 1500 5.22327E+01 4.31498E+00 
1800 1550 5.23309E+01 4.32773E+00 
1800 1600 5.22719E+01 4.33290E+00 
1800 1650 5.23253E+01 4.32108E+00 
1800 1700 5.22203E+01 4.29632E+00 
1800 1750 5.23423E+01 4.30179E+00 
1800 1800 5.22183E+01 4.32721E+00 
1800 1850 5.24118E+01 4.31652E+00 
1800 1900 5.23449E+01 4.30491E+00 
1800 1950 5.22738E+01 4.32369E+00 
1800 2000 5.23246E+01 4.30217E+00 
1800 2050 5.22963E+01 4.29207E+00 
1850 800 5.21861E+01 4.29543E+00 
1850 850 5.23012E+01 4.31713E+00 
1850 900 5.22253E+01 4.31013E+00 
1850 950 5.22534E+01 4.31551E+00 
1850 1000 5.22448E+01 4.30787E+00 
1850 1050 5.21700E+01 4.31464E+00 
1850 1100 5.22580E+01 4.32376E+00 
1850 1150 5.22157E+01 4.31129E+00 
1850 1200 5.22334E+01 4.34638E+00 
1850 1250 5.21901E+01 4.33262E+00 
1850 1300 5.21534E+01 4.33776E+00 
1850 1350 5.22075E+01 4.32955E+00 
1850 1400 5.21057E+01 4.32342E+00 
1850 1450 5.22947E+01 4.30690E+00 
1850 1500 5.21807E+01 4.30467E+00 
1850 1550 5.23531E+01 4.29753E+00 
1850 1600 5.24093E+01 4.28553E+00 
1850 1650 5.22154E+01 4.31479E+00 
1850 1700 5.23373E+01 4.30395E+00 
1850 1750 5.21929E+01 4.29567E+00 
1850 1800 5.22835E+01 4.30485E+00 
1850 1850 5.23575E+01 4.31081E+00 
1850 1900 5.22075E+01 4.32852E+00 
1850 1950 5.23060E+01 4.33484E+00 
1850 2000 5.22387E+01 4.32309E+00 
1850 2050 5.22704E+01 4.31733E+00 
1900 800 5.21845E+01 4.30064E+00 
1900 850 5.22031E+01 4.31673E+00 
1900 900 5.21228E+01 4.30678E+00 
1900 950 5.22017E+01 4.32486E+00 
1900 1000 5.22323E+01 4.28083E+00 
1900 1050 5.22054E+01 4.31460E+00 
1900 1100 5.22108E+01 4.28255E+00 
1900 1150 5.22569E+01 4.31788E+00 
1900 1200 5.22443E+01 4.32415E+00 
1900 1250 5.22012E+01 4.30219E+00 
1900 1300 5.22390E+01 4.31941E+00 
1900 1350 5.22869E+01 4.29509E+00 
1900 1400 5.22127E+01 4.33227E+00 
1900 1450 5.22337E+01 4.31554E+00 
1900 1500 5.21847E+01 4.28194E+00 
1900 1550 5.22372E+01 4.29878E+00 
1900 1600 5.21375E+01 4.30819E+00 
1900 1650 5.22023E+01 4.31320E+00 
1900 1700 5.22252E+01 4.29994E+00 
1900 1750 5.23110E+01 4.30315E+00 
1900 1800 5.22483E+01 4.29640E+00 
1900 1850 5.22828E+01 4.30588E+00 
1900 1900 5.22514E+01 4.31577E+00 
1900 1950 5.21989E+01 4.28496E+00 
1900 2000 5.22334E+01 4.29213E+00 
1900 2050 5.22919E+01 4.29080E+00 
1950 800 5.21651E+01 4.31250E+00 
1950 850 5.21939E+01 4.29413E+00 
1950 900 5.22404E+01 4.32312E+00 
1950 950 5.21897E+01 4.29108E+00 
1950 1000 5.20365E+01 4.30278E+00 
1950 1050 5.21977E+01 4.28960E+00 
1950 1100 5.22726E+01 4.28523E+00 
1950 1150 5.22325E+01 4.32397E+00 
1950 1200 5.21482E+01 4.30077E+00 
1950 1250 5.22042E+01 4.28052E+00 
1950 1300 5.21657E+01 4.30603E+00 
1950 1350 5.21033E+01 4.29745E+00 
1950 1400 5.22257E+01 4.27541E+00 
1950 1450 5.22749E+01 4.29901E+00 
1950 1500 5.21841E+01 4.30202E+00 
1950 1550 5.22012E+01 4.27926E+00 
1950 1600 5.22185E+01 4.28326E+00 
1950 1650 5.21392E+01 4.29296E+00 
1950 1700 5.22749E+01 4.31728E+00 
1950 1750 5.23110E+01 4.30742E+00 
1950 1800 5.23365E+01 4.29735E+00 
1950 1850 5.21484E+01 4.28052E+00 
1950 1900 5.23212E+01 4.30510E+00 
1950 1950 5.22927E+01 4.31982E+00 
1950 2000 5.21559E+01 4.29672E+00 
1950 2050 5.22699E+01 4.27071E+00 
2000 800 5.21801E+01 4.29622E+00 
2000 850 5.22116E+01 4.30904E+00 
2000 900 5.20097E+01 4.30529E+00 
2000 950 5.22241E+01 4.30548E+00 
2000 1000 5.21863E+01 4.28407E+00 
2000 1050 5.21875E+01 4.27981E+00 
2000 1100 5.21520E+01 4.28411E+00 
2000 1150 5.22048E+01 4.29940E+00 
2000 1200 5.21762E+01 4.27932E+00 
2000 1250 5.21574E+01 4.28007E+00 
2000 1300 5.21941E+01 4.28426E+00 
2000 1350 5.21468E+01 4.27191E+00 
2000 1400 5.20591E+01 4.28516E+00 
2000 1450 5.21176E+01 4.27916E+00 
2000 1500 5.21082E+01 4.30530E+00 
2000 1550 5.21546E+01 4.30155E+00 
2000 1600 5.23106E+01 4.29867E+00 
2000 1650 5.21627E+01 4.29045E+00 
2000 1700 5.22002E+01 4.31340E+00 
2000 1750 5.21024E+01 4.28082E+00 
2000 1800 5.21101E+01 4.28253E+00 
2000 1850 5.22547E+01 4.28544E+00 
2000 1900 5.22334E+01 4.27972E+00 
2000 1950 5.21690E+01 4.27809E+00 
2000 2000 5.21696E+01 4.28960E+00 
2000 2050 5.22042E+01 4.28147E+00 
2050 800 5.21595E+01 4.26938E+00 
2050 850 5.22528E+01 4.26795E+00 
2050 900 5.21423E+01 4.28262E+00 
2050 950 5.21201E+01 4.31368E+00 
2050 1000 5.22130E+01 4.30066E+00 
2050 1050 5.22629E+01 4.28293E+00 
2050 1100 5.21391E+01 4.28596E+00 
2050 1150 5.21344E+01 4.26871E+00 
2050 1200 5.22039E+01 4.29578E+00 
2050 1250 5.21797E+01 4.29303E+00 
2050 1300 5.22580E+01 4.25829E+00 
2050 1350 5.21605E+01 4.28843E+00 
2050 1400 5.20705E+01 4.28481E+00 
2050 1450 5.21886E+01 4.26827E+00 
2050 1500 5.21167E+01 4.28131E+00 
2050 1550 5.21363E+01 4.29113E+00 
2050 1600 5.21742E+01 4.26854E+00 
2050 1650 5.22449E+01 4.29593E+00 
2050 1700 5.21913E+01 4.27140E+00 
2050 1750 5.22203E+01 4.29514E+00 
2050 1800 5.21417E+01 4.26974E+00 
2050 1850 5.23323E+01 4.25826E+00 
2050 1900 5.21512E+01 4.25988E+00 
2050 1950 5.21890E+01 4.30314E+00 
2050 2000 5.21211E+01 4.27618E+00 
2050 2050 5.21513E+01 4.29047E+00 
