800 800 1.00000E+00 0.00000E+00 
800 850 1.00000E+00 0.00000E+00 
800 900 1.00000E+00 0.00000E+00 
800 950 1.00000E+00 0.00000E+00 
800 1000 1.00000E+00 0.00000E+00 
800 1050 1.00000E+00 0.00000E+00 
800 1100 1.00000E+00 0.00000E+00 
800 1150 1.00000E+00 0.00000E+00 
800 1200 1.00000E+00 0.00000E+00 
800 1250 1.00000E+00 0.00000E+00 
800 1300 1.00000E+00 0.00000E+00 
800 1350 1.00000E+00 0.00000E+00 
800 1400 1.00000E+00 0.00000E+00 
800 1450 1.00000E+00 0.00000E+00 
800 1500 1.00000E+00 0.00000E+00 
800 1550 1.00000E+00 0.00000E+00 
800 1600 1.00000E+00 0.00000E+00 
800 1650 1.00000E+00 0.00000E+00 
800 1700 1.00000E+00 0.00000E+00 
800 1750 1.00000E+00 0.00000E+00 
800 1800 1.00000E+00 0.00000E+00 
800 1850 1.00000E+00 0.00000E+00 
800 1900 1.00000E+00 0.00000E+00 
800 1950 1.00000E+00 0.00000E+00 
800 2000 1.00000E+00 0.00000E+00 
800 2050 1.00000E+00 0.00000E+00 
850 800 1.00000E+00 0.00000E+00 
850 850 1.00000E+00 0.00000E+00 
850 900 1.00000E+00 0.00000E+00 
850 950 1.00000E+00 0.00000E+00 
850 1000 1.00000E+00 0.00000E+00 
850 1050 1.00000E+00 0.00000E+00 
850 1100 1.00000E+00 0.00000E+00 
850 1150 1.00000E+00 0.00000E+00 
850 1200 1.00000E+00 0.00000E+00 
850 1250 1.00000E+00 0.00000E+00 
850 1300 1.00000E+00 0.00000E+00 
850 1350 1.00000E+00 0.00000E+00 
850 1400 1.00000E+00 0.00000E+00 
850 1450 1.00000E+00 0.00000E+00 
850 1500 1.00000E+00 0.00000E+00 
850 1550 1.00000E+00 0.00000E+00 
850 1600 1.00000E+00 0.00000E+00 
850 1650 1.00000E+00 0.00000E+00 
850 1700 1.00000E+00 0.00000E+00 
850 1750 1.00000E+00 0.00000E+00 
850 1800 1.00000E+00 0.00000E+00 
850 1850 1.00000E+00 0.00000E+00 
850 1900 1.00000E+00 0.00000E+00 
850 1950 1.00000E+00 0.00000E+00 
850 2000 1.00000E+00 0.00000E+00 
850 2050 1.00000E+00 0.00000E+00 
900 800 1.00000E+00 0.00000E+00 
900 850 1.00000E+00 0.00000E+00 
900 900 1.00000E+00 0.00000E+00 
900 950 1.00000E+00 0.00000E+00 
900 1000 1.00000E+00 0.00000E+00 
900 1050 1.00000E+00 0.00000E+00 
900 1100 1.00000E+00 0.00000E+00 
900 1150 1.00000E+00 0.00000E+00 
900 1200 1.00000E+00 0.00000E+00 
900 1250 1.00000E+00 0.00000E+00 
900 1300 1.00000E+00 0.00000E+00 
900 1350 1.00000E+00 0.00000E+00 
900 1400 1.00000E+00 0.00000E+00 
900 1450 1.00000E+00 0.00000E+00 
900 1500 1.00000E+00 0.00000E+00 
900 1550 1.00000E+00 0.00000E+00 
900 1600 1.00000E+00 0.00000E+00 
900 1650 1.00000E+00 0.00000E+00 
900 1700 1.00000E+00 0.00000E+00 
900 1750 9.99998E-01 1.94363E-06 
900 1800 1.00000E+00 0.00000E+00 
900 1850 1.00000E+00 0.00000E+00 
900 1900 1.00000E+00 0.00000E+00 
900 1950 1.00000E+00 0.00000E+00 
900 2000 1.00000E+00 0.00000E+00 
900 2050 1.00000E+00 0.00000E+00 
950 800 1.00000E+00 0.00000E+00 
950 850 1.00000E+00 0.00000E+00 
950 900 1.00000E+00 0.00000E+00 
950 950 1.00000E+00 0.00000E+00 
950 1000 1.00000E+00 0.00000E+00 
950 1050 1.00000E+00 0.00000E+00 
950 1100 1.00000E+00 0.00000E+00 
950 1150 1.00000E+00 0.00000E+00 
950 1200 1.00000E+00 0.00000E+00 
950 1250 1.00000E+00 0.00000E+00 
950 1300 1.00000E+00 0.00000E+00 
950 1350 1.00000E+00 0.00000E+00 
950 1400 1.00000E+00 0.00000E+00 
950 1450 1.00000E+00 0.00000E+00 
950 1500 1.00000E+00 0.00000E+00 
950 1550 1.00000E+00 0.00000E+00 
950 1600 1.00000E+00 0.00000E+00 
950 1650 1.00000E+00 0.00000E+00 
950 1700 1.00000E+00 0.00000E+00 
950 1750 1.00000E+00 0.00000E+00 
950 1800 1.00000E+00 0.00000E+00 
950 1850 1.00000E+00 0.00000E+00 
950 1900 1.00000E+00 0.00000E+00 
950 1950 1.00000E+00 0.00000E+00 
950 2000 1.00000E+00 0.00000E+00 
950 2050 1.00000E+00 0.00000E+00 
1000 800 1.00000E+00 0.00000E+00 
1000 850 1.00000E+00 0.00000E+00 
1000 900 1.00000E+00 0.00000E+00 
1000 950 1.00000E+00 0.00000E+00 
1000 1000 1.00000E+00 0.00000E+00 
1000 1050 1.00000E+00 0.00000E+00 
1000 1100 1.00000E+00 0.00000E+00 
1000 1150 1.00000E+00 0.00000E+00 
1000 1200 1.00000E+00 0.00000E+00 
1000 1250 1.00000E+00 0.00000E+00 
1000 1300 1.00000E+00 0.00000E+00 
1000 1350 1.00000E+00 0.00000E+00 
1000 1400 1.00000E+00 0.00000E+00 
1000 1450 1.00000E+00 0.00000E+00 
1000 1500 1.00000E+00 0.00000E+00 
1000 1550 1.00000E+00 0.00000E+00 
1000 1600 1.00000E+00 0.00000E+00 
1000 1650 1.00000E+00 0.00000E+00 
1000 1700 1.00000E+00 0.00000E+00 
1000 1750 1.00000E+00 0.00000E+00 
1000 1800 1.00000E+00 0.00000E+00 
1000 1850 1.00000E+00 0.00000E+00 
1000 1900 1.00000E+00 0.00000E+00 
1000 1950 1.00000E+00 0.00000E+00 
1000 2000 1.00000E+00 0.00000E+00 
1000 2050 1.00000E+00 0.00000E+00 
1050 800 1.00000E+00 0.00000E+00 
1050 850 1.00000E+00 0.00000E+00 
1050 900 1.00000E+00 0.00000E+00 
1050 950 1.00000E+00 0.00000E+00 
1050 1000 1.00000E+00 0.00000E+00 
1050 1050 1.00000E+00 0.00000E+00 
1050 1100 1.00000E+00 0.00000E+00 
1050 1150 1.00000E+00 0.00000E+00 
1050 1200 1.00000E+00 0.00000E+00 
1050 1250 1.00000E+00 0.00000E+00 
1050 1300 1.00000E+00 0.00000E+00 
1050 1350 1.00000E+00 0.00000E+00 
1050 1400 1.00000E+00 0.00000E+00 
1050 1450 1.00000E+00 0.00000E+00 
1050 1500 1.00000E+00 0.00000E+00 
1050 1550 1.00000E+00 0.00000E+00 
1050 1600 1.00000E+00 0.00000E+00 
1050 1650 1.00000E+00 0.00000E+00 
1050 1700 1.00000E+00 0.00000E+00 
1050 1750 1.00000E+00 0.00000E+00 
1050 1800 1.00000E+00 0.00000E+00 
1050 1850 1.00000E+00 0.00000E+00 
1050 1900 1.00000E+00 0.00000E+00 
1050 1950 1.00000E+00 0.00000E+00 
1050 2000 1.00000E+00 0.00000E+00 
1050 2050 1.00000E+00 0.00000E+00 
1100 800 1.00000E+00 0.00000E+00 
1100 850 1.00000E+00 0.00000E+00 
1100 900 1.00000E+00 0.00000E+00 
1100 950 1.00000E+00 0.00000E+00 
1100 1000 1.00000E+00 0.00000E+00 
1100 1050 1.00000E+00 0.00000E+00 
1100 1100 1.00000E+00 0.00000E+00 
1100 1150 1.00000E+00 0.00000E+00 
1100 1200 1.00000E+00 0.00000E+00 
1100 1250 1.00000E+00 0.00000E+00 
1100 1300 1.00000E+00 0.00000E+00 
1100 1350 1.00000E+00 0.00000E+00 
1100 1400 1.00000E+00 0.00000E+00 
1100 1450 1.00000E+00 0.00000E+00 
1100 1500 1.00000E+00 0.00000E+00 
1100 1550 1.00000E+00 0.00000E+00 
1100 1600 1.00000E+00 0.00000E+00 
1100 1650 1.00000E+00 0.00000E+00 
1100 1700 1.00000E+00 0.00000E+00 
1100 1750 1.00000E+00 0.00000E+00 
1100 1800 1.00000E+00 0.00000E+00 
1100 1850 1.00000E+00 0.00000E+00 
1100 1900 1.00000E+00 0.00000E+00 
1100 1950 1.00000E+00 0.00000E+00 
1100 2000 1.00000E+00 0.00000E+00 
1100 2050 1.00000E+00 0.00000E+00 
1150 800 1.00000E+00 0.00000E+00 
1150 850 1.00000E+00 0.00000E+00 
1150 900 1.00000E+00 0.00000E+00 
1150 950 1.00000E+00 0.00000E+00 
1150 1000 1.00000E+00 0.00000E+00 
1150 1050 1.00000E+00 0.00000E+00 
1150 1100 1.00000E+00 0.00000E+00 
1150 1150 1.00000E+00 0.00000E+00 
1150 1200 1.00000E+00 0.00000E+00 
1150 1250 1.00000E+00 0.00000E+00 
1150 1300 1.00000E+00 0.00000E+00 
1150 1350 1.00000E+00 0.00000E+00 
1150 1400 1.00000E+00 0.00000E+00 
1150 1450 1.00000E+00 0.00000E+00 
1150 1500 1.00000E+00 0.00000E+00 
1150 1550 1.00000E+00 0.00000E+00 
1150 1600 1.00000E+00 0.00000E+00 
1150 1650 1.00000E+00 0.00000E+00 
1150 1700 1.00000E+00 0.00000E+00 
1150 1750 1.00000E+00 0.00000E+00 
1150 1800 1.00000E+00 0.00000E+00 
1150 1850 1.00000E+00 0.00000E+00 
1150 1900 1.00000E+00 0.00000E+00 
1150 1950 1.00000E+00 0.00000E+00 
1150 2000 1.00000E+00 0.00000E+00 
1150 2050 1.00000E+00 0.00000E+00 
1200 800 1.00000E+00 0.00000E+00 
1200 850 1.00000E+00 0.00000E+00 
1200 900 1.00000E+00 0.00000E+00 
1200 950 1.00000E+00 0.00000E+00 
1200 1000 1.00000E+00 0.00000E+00 
1200 1050 1.00000E+00 0.00000E+00 
1200 1100 1.00000E+00 0.00000E+00 
1200 1150 1.00000E+00 0.00000E+00 
1200 1200 1.00000E+00 0.00000E+00 
1200 1250 1.00000E+00 0.00000E+00 
1200 1300 1.00000E+00 0.00000E+00 
1200 1350 1.00000E+00 0.00000E+00 
1200 1400 1.00000E+00 0.00000E+00 
1200 1450 1.00000E+00 0.00000E+00 
1200 1500 1.00000E+00 0.00000E+00 
1200 1550 1.00000E+00 0.00000E+00 
1200 1600 1.00000E+00 0.00000E+00 
1200 1650 1.00000E+00 0.00000E+00 
1200 1700 1.00000E+00 0.00000E+00 
1200 1750 1.00000E+00 0.00000E+00 
1200 1800 1.00000E+00 0.00000E+00 
1200 1850 1.00000E+00 0.00000E+00 
1200 1900 1.00000E+00 0.00000E+00 
1200 1950 1.00000E+00 0.00000E+00 
1200 2000 1.00000E+00 0.00000E+00 
1200 2050 1.00000E+00 0.00000E+00 
1250 800 1.00000E+00 0.00000E+00 
1250 850 1.00000E+00 0.00000E+00 
1250 900 1.00000E+00 0.00000E+00 
1250 950 1.00000E+00 0.00000E+00 
1250 1000 1.00000E+00 0.00000E+00 
1250 1050 1.00000E+00 0.00000E+00 
1250 1100 1.00000E+00 0.00000E+00 
1250 1150 1.00000E+00 0.00000E+00 
1250 1200 1.00000E+00 0.00000E+00 
1250 1250 1.00000E+00 0.00000E+00 
1250 1300 1.00000E+00 0.00000E+00 
1250 1350 1.00000E+00 0.00000E+00 
1250 1400 1.00000E+00 0.00000E+00 
1250 1450 1.00000E+00 0.00000E+00 
1250 1500 1.00000E+00 0.00000E+00 
1250 1550 1.00000E+00 0.00000E+00 
1250 1600 1.00000E+00 0.00000E+00 
1250 1650 1.00000E+00 0.00000E+00 
1250 1700 1.00000E+00 0.00000E+00 
1250 1750 1.00000E+00 0.00000E+00 
1250 1800 1.00000E+00 0.00000E+00 
1250 1850 1.00000E+00 0.00000E+00 
1250 1900 1.00000E+00 0.00000E+00 
1250 1950 1.00000E+00 0.00000E+00 
1250 2000 1.00000E+00 0.00000E+00 
1250 2050 1.00000E+00 0.00000E+00 
1300 800 1.00000E+00 0.00000E+00 
1300 850 1.00000E+00 0.00000E+00 
1300 900 1.00000E+00 0.00000E+00 
1300 950 1.00000E+00 0.00000E+00 
1300 1000 1.00000E+00 0.00000E+00 
1300 1050 1.00000E+00 0.00000E+00 
1300 1100 1.00000E+00 0.00000E+00 
1300 1150 1.00000E+00 0.00000E+00 
1300 1200 1.00000E+00 0.00000E+00 
1300 1250 1.00000E+00 0.00000E+00 
1300 1300 1.00000E+00 0.00000E+00 
1300 1350 1.00000E+00 0.00000E+00 
1300 1400 1.00000E+00 0.00000E+00 
1300 1450 1.00000E+00 0.00000E+00 
1300 1500 1.00000E+00 0.00000E+00 
1300 1550 1.00000E+00 0.00000E+00 
1300 1600 1.00000E+00 0.00000E+00 
1300 1650 1.00000E+00 0.00000E+00 
1300 1700 1.00000E+00 0.00000E+00 
1300 1750 1.00000E+00 0.00000E+00 
1300 1800 1.00000E+00 0.00000E+00 
1300 1850 1.00000E+00 0.00000E+00 
1300 1900 1.00000E+00 0.00000E+00 
1300 1950 1.00000E+00 0.00000E+00 
1300 2000 1.00000E+00 0.00000E+00 
1300 2050 1.00000E+00 0.00000E+00 
1350 800 1.00000E+00 0.00000E+00 
1350 850 1.00000E+00 0.00000E+00 
1350 900 1.00000E+00 0.00000E+00 
1350 950 1.00000E+00 0.00000E+00 
1350 1000 1.00000E+00 0.00000E+00 
1350 1050 1.00000E+00 0.00000E+00 
1350 1100 1.00000E+00 0.00000E+00 
1350 1150 1.00000E+00 0.00000E+00 
1350 1200 1.00000E+00 0.00000E+00 
1350 1250 1.00000E+00 0.00000E+00 
1350 1300 1.00000E+00 0.00000E+00 
1350 1350 1.00000E+00 0.00000E+00 
1350 1400 1.00000E+00 0.00000E+00 
1350 1450 1.00000E+00 0.00000E+00 
1350 1500 1.00000E+00 0.00000E+00 
1350 1550 1.00000E+00 0.00000E+00 
1350 1600 1.00000E+00 0.00000E+00 
1350 1650 1.00000E+00 0.00000E+00 
1350 1700 1.00000E+00 0.00000E+00 
1350 1750 1.00000E+00 0.00000E+00 
1350 1800 9.99999E-01 9.48317E-07 
1350 1850 1.00000E+00 0.00000E+00 
1350 1900 1.00000E+00 0.00000E+00 
1350 1950 1.00000E+00 0.00000E+00 
1350 2000 1.00000E+00 0.00000E+00 
1350 2050 1.00000E+00 0.00000E+00 
1400 800 1.00000E+00 0.00000E+00 
1400 850 1.00000E+00 0.00000E+00 
1400 900 1.00000E+00 0.00000E+00 
1400 950 1.00000E+00 0.00000E+00 
1400 1000 1.00000E+00 0.00000E+00 
1400 1050 1.00000E+00 0.00000E+00 
1400 1100 1.00000E+00 0.00000E+00 
1400 1150 1.00000E+00 0.00000E+00 
1400 1200 1.00000E+00 0.00000E+00 
1400 1250 1.00000E+00 0.00000E+00 
1400 1300 1.00000E+00 0.00000E+00 
1400 1350 1.00000E+00 0.00000E+00 
1400 1400 1.00000E+00 0.00000E+00 
1400 1450 1.00000E+00 0.00000E+00 
1400 1500 1.00000E+00 0.00000E+00 
1400 1550 1.00000E+00 0.00000E+00 
1400 1600 1.00000E+00 0.00000E+00 
1400 1650 1.00000E+00 0.00000E+00 
1400 1700 1.00000E+00 0.00000E+00 
1400 1750 1.00000E+00 0.00000E+00 
1400 1800 1.00000E+00 0.00000E+00 
1400 1850 1.00000E+00 0.00000E+00 
1400 1900 1.00000E+00 0.00000E+00 
1400 1950 1.00000E+00 0.00000E+00 
1400 2000 1.00000E+00 0.00000E+00 
1400 2050 1.00000E+00 0.00000E+00 
1450 800 1.00000E+00 0.00000E+00 
1450 850 1.00000E+00 0.00000E+00 
1450 900 1.00000E+00 0.00000E+00 
1450 950 1.00000E+00 0.00000E+00 
1450 1000 1.00000E+00 0.00000E+00 
1450 1050 1.00000E+00 0.00000E+00 
1450 1100 1.00000E+00 0.00000E+00 
1450 1150 1.00000E+00 0.00000E+00 
1450 1200 1.00000E+00 0.00000E+00 
1450 1250 1.00000E+00 0.00000E+00 
1450 1300 1.00000E+00 0.00000E+00 
1450 1350 1.00000E+00 0.00000E+00 
1450 1400 1.00000E+00 0.00000E+00 
1450 1450 1.00000E+00 0.00000E+00 
1450 1500 1.00000E+00 0.00000E+00 
1450 1550 1.00000E+00 0.00000E+00 
1450 1600 1.00000E+00 0.00000E+00 
1450 1650 1.00000E+00 0.00000E+00 
1450 1700 1.00000E+00 0.00000E+00 
1450 1750 1.00000E+00 0.00000E+00 
1450 1800 1.00000E+00 0.00000E+00 
1450 1850 1.00000E+00 0.00000E+00 
1450 1900 1.00000E+00 0.00000E+00 
1450 1950 1.00000E+00 0.00000E+00 
1450 2000 1.00000E+00 0.00000E+00 
1450 2050 1.00000E+00 0.00000E+00 
1500 800 1.00000E+00 0.00000E+00 
1500 850 1.00000E+00 0.00000E+00 
1500 900 1.00000E+00 0.00000E+00 
1500 950 1.00000E+00 0.00000E+00 
1500 1000 1.00000E+00 0.00000E+00 
1500 1050 1.00000E+00 0.00000E+00 
1500 1100 1.00000E+00 0.00000E+00 
1500 1150 1.00000E+00 0.00000E+00 
1500 1200 1.00000E+00 0.00000E+00 
1500 1250 1.00000E+00 0.00000E+00 
1500 1300 1.00000E+00 0.00000E+00 
1500 1350 1.00000E+00 0.00000E+00 
1500 1400 1.00000E+00 0.00000E+00 
1500 1450 1.00000E+00 0.00000E+00 
1500 1500 1.00000E+00 0.00000E+00 
1500 1550 1.00000E+00 0.00000E+00 
1500 1600 1.00000E+00 0.00000E+00 
1500 1650 1.00000E+00 0.00000E+00 
1500 1700 1.00000E+00 0.00000E+00 
1500 1750 1.00000E+00 0.00000E+00 
1500 1800 1.00000E+00 0.00000E+00 
1500 1850 1.00000E+00 0.00000E+00 
1500 1900 1.00000E+00 0.00000E+00 
1500 1950 1.00000E+00 0.00000E+00 
1500 2000 1.00000E+00 0.00000E+00 
1500 2050 1.00000E+00 0.00000E+00 
1550 800 1.00000E+00 0.00000E+00 
1550 850 1.00000E+00 0.00000E+00 
1550 900 1.00000E+00 0.00000E+00 
1550 950 1.00000E+00 0.00000E+00 
1550 1000 1.00000E+00 0.00000E+00 
1550 1050 1.00000E+00 0.00000E+00 
1550 1100 1.00000E+00 0.00000E+00 
1550 1150 1.00000E+00 0.00000E+00 
1550 1200 1.00000E+00 0.00000E+00 
1550 1250 1.00000E+00 0.00000E+00 
1550 1300 1.00000E+00 0.00000E+00 
1550 1350 1.00000E+00 0.00000E+00 
1550 1400 1.00000E+00 0.00000E+00 
1550 1450 1.00000E+00 0.00000E+00 
1550 1500 1.00000E+00 0.00000E+00 
1550 1550 1.00000E+00 0.00000E+00 
1550 1600 1.00000E+00 0.00000E+00 
1550 1650 1.00000E+00 0.00000E+00 
1550 1700 1.00000E+00 0.00000E+00 
1550 1750 1.00000E+00 0.00000E+00 
1550 1800 1.00000E+00 0.00000E+00 
1550 1850 1.00000E+00 0.00000E+00 
1550 1900 1.00000E+00 0.00000E+00 
1550 1950 1.00000E+00 0.00000E+00 
1550 2000 1.00000E+00 0.00000E+00 
1550 2050 1.00000E+00 0.00000E+00 
1600 800 1.00000E+00 0.00000E+00 
1600 850 1.00000E+00 0.00000E+00 
1600 900 1.00000E+00 0.00000E+00 
1600 950 1.00000E+00 0.00000E+00 
1600 1000 1.00000E+00 0.00000E+00 
1600 1050 1.00000E+00 0.00000E+00 
1600 1100 1.00000E+00 0.00000E+00 
1600 1150 1.00000E+00 0.00000E+00 
1600 1200 1.00000E+00 0.00000E+00 
1600 1250 1.00000E+00 0.00000E+00 
1600 1300 1.00000E+00 0.00000E+00 
1600 1350 1.00000E+00 0.00000E+00 
1600 1400 1.00000E+00 0.00000E+00 
1600 1450 1.00000E+00 0.00000E+00 
1600 1500 1.00000E+00 0.00000E+00 
1600 1550 1.00000E+00 0.00000E+00 
1600 1600 1.00000E+00 0.00000E+00 
1600 1650 1.00000E+00 0.00000E+00 
1600 1700 1.00000E+00 0.00000E+00 
1600 1750 1.00000E+00 0.00000E+00 
1600 1800 1.00000E+00 0.00000E+00 
1600 1850 1.00000E+00 0.00000E+00 
1600 1900 1.00000E+00 0.00000E+00 
1600 1950 1.00000E+00 0.00000E+00 
1600 2000 1.00000E+00 0.00000E+00 
1600 2050 1.00000E+00 0.00000E+00 
1650 800 1.00000E+00 0.00000E+00 
1650 850 1.00000E+00 0.00000E+00 
1650 900 1.00000E+00 0.00000E+00 
1650 950 1.00000E+00 0.00000E+00 
1650 1000 1.00000E+00 0.00000E+00 
1650 1050 1.00000E+00 0.00000E+00 
1650 1100 1.00000E+00 0.00000E+00 
1650 1150 1.00000E+00 0.00000E+00 
1650 1200 1.00000E+00 0.00000E+00 
1650 1250 1.00000E+00 0.00000E+00 
1650 1300 1.00000E+00 0.00000E+00 
1650 1350 1.00000E+00 0.00000E+00 
1650 1400 1.00000E+00 0.00000E+00 
1650 1450 1.00000E+00 0.00000E+00 
1650 1500 1.00000E+00 0.00000E+00 
1650 1550 1.00000E+00 0.00000E+00 
1650 1600 1.00000E+00 0.00000E+00 
1650 1650 1.00000E+00 0.00000E+00 
1650 1700 1.00000E+00 0.00000E+00 
1650 1750 1.00000E+00 0.00000E+00 
1650 1800 1.00000E+00 0.00000E+00 
1650 1850 1.00000E+00 0.00000E+00 
1650 1900 1.00000E+00 0.00000E+00 
1650 1950 1.00000E+00 0.00000E+00 
1650 2000 1.00000E+00 0.00000E+00 
1650 2050 1.00000E+00 0.00000E+00 
1700 800 1.00000E+00 0.00000E+00 
1700 850 1.00000E+00 0.00000E+00 
1700 900 1.00000E+00 0.00000E+00 
1700 950 1.00000E+00 0.00000E+00 
1700 1000 1.00000E+00 0.00000E+00 
1700 1050 1.00000E+00 0.00000E+00 
1700 1100 1.00000E+00 0.00000E+00 
1700 1150 1.00000E+00 0.00000E+00 
1700 1200 1.00000E+00 0.00000E+00 
1700 1250 1.00000E+00 0.00000E+00 
1700 1300 1.00000E+00 0.00000E+00 
1700 1350 1.00000E+00 0.00000E+00 
1700 1400 1.00000E+00 0.00000E+00 
1700 1450 1.00000E+00 0.00000E+00 
1700 1500 1.00000E+00 0.00000E+00 
1700 1550 1.00000E+00 0.00000E+00 
1700 1600 1.00000E+00 0.00000E+00 
1700 1650 1.00000E+00 0.00000E+00 
1700 1700 1.00000E+00 0.00000E+00 
1700 1750 1.00000E+00 0.00000E+00 
1700 1800 1.00000E+00 0.00000E+00 
1700 1850 1.00000E+00 0.00000E+00 
1700 1900 1.00000E+00 0.00000E+00 
1700 1950 1.00000E+00 0.00000E+00 
1700 2000 1.00000E+00 0.00000E+00 
1700 2050 1.00000E+00 0.00000E+00 
1750 800 1.00000E+00 0.00000E+00 
1750 850 1.00000E+00 0.00000E+00 
1750 900 1.00000E+00 0.00000E+00 
1750 950 1.00000E+00 0.00000E+00 
1750 1000 1.00000E+00 0.00000E+00 
1750 1050 1.00000E+00 0.00000E+00 
1750 1100 1.00000E+00 0.00000E+00 
1750 1150 1.00000E+00 0.00000E+00 
1750 1200 1.00000E+00 0.00000E+00 
1750 1250 1.00000E+00 0.00000E+00 
1750 1300 1.00000E+00 0.00000E+00 
1750 1350 1.00000E+00 0.00000E+00 
1750 1400 1.00000E+00 0.00000E+00 
1750 1450 1.00000E+00 0.00000E+00 
1750 1500 1.00000E+00 0.00000E+00 
1750 1550 1.00000E+00 0.00000E+00 
1750 1600 1.00000E+00 0.00000E+00 
1750 1650 1.00000E+00 0.00000E+00 
1750 1700 1.00000E+00 0.00000E+00 
1750 1750 1.00000E+00 0.00000E+00 
1750 1800 1.00000E+00 0.00000E+00 
1750 1850 1.00000E+00 0.00000E+00 
1750 1900 1.00000E+00 0.00000E+00 
1750 1950 1.00000E+00 0.00000E+00 
1750 2000 1.00000E+00 0.00000E+00 
1750 2050 1.00000E+00 0.00000E+00 
1800 800 1.00000E+00 0.00000E+00 
1800 850 1.00000E+00 0.00000E+00 
1800 900 1.00000E+00 0.00000E+00 
1800 950 1.00000E+00 0.00000E+00 
1800 1000 1.00000E+00 0.00000E+00 
1800 1050 9.99998E-01 2.08008E-06 
1800 1100 1.00000E+00 0.00000E+00 
1800 1150 1.00000E+00 0.00000E+00 
1800 1200 1.00000E+00 0.00000E+00 
1800 1250 1.00000E+00 0.00000E+00 
1800 1300 1.00000E+00 0.00000E+00 
1800 1350 1.00000E+00 0.00000E+00 
1800 1400 1.00000E+00 0.00000E+00 
1800 1450 1.00000E+00 0.00000E+00 
1800 1500 1.00000E+00 0.00000E+00 
1800 1550 1.00000E+00 0.00000E+00 
1800 1600 1.00000E+00 0.00000E+00 
1800 1650 1.00000E+00 0.00000E+00 
1800 1700 1.00000E+00 0.00000E+00 
1800 1750 1.00000E+00 0.00000E+00 
1800 1800 1.00000E+00 0.00000E+00 
1800 1850 1.00000E+00 0.00000E+00 
1800 1900 1.00000E+00 0.00000E+00 
1800 1950 1.00000E+00 0.00000E+00 
1800 2000 1.00000E+00 0.00000E+00 
1800 2050 1.00000E+00 0.00000E+00 
1850 800 1.00000E+00 0.00000E+00 
1850 850 1.00000E+00 0.00000E+00 
1850 900 1.00000E+00 0.00000E+00 
1850 950 1.00000E+00 0.00000E+00 
1850 1000 1.00000E+00 0.00000E+00 
1850 1050 1.00000E+00 0.00000E+00 
1850 1100 1.00000E+00 0.00000E+00 
1850 1150 1.00000E+00 0.00000E+00 
1850 1200 1.00000E+00 0.00000E+00 
1850 1250 1.00000E+00 0.00000E+00 
1850 1300 1.00000E+00 0.00000E+00 
1850 1350 1.00000E+00 0.00000E+00 
1850 1400 1.00000E+00 0.00000E+00 
1850 1450 1.00000E+00 0.00000E+00 
1850 1500 1.00000E+00 0.00000E+00 
1850 1550 1.00000E+00 0.00000E+00 
1850 1600 1.00000E+00 0.00000E+00 
1850 1650 1.00000E+00 0.00000E+00 
1850 1700 1.00000E+00 0.00000E+00 
1850 1750 1.00000E+00 0.00000E+00 
1850 1800 1.00000E+00 0.00000E+00 
1850 1850 1.00000E+00 0.00000E+00 
1850 1900 1.00000E+00 0.00000E+00 
1850 1950 1.00000E+00 0.00000E+00 
1850 2000 1.00000E+00 0.00000E+00 
1850 2050 1.00000E+00 0.00000E+00 
1900 800 1.00000E+00 0.00000E+00 
1900 850 1.00000E+00 0.00000E+00 
1900 900 1.00000E+00 0.00000E+00 
1900 950 1.00000E+00 0.00000E+00 
1900 1000 1.00000E+00 0.00000E+00 
1900 1050 1.00000E+00 0.00000E+00 
1900 1100 1.00000E+00 0.00000E+00 
1900 1150 1.00000E+00 0.00000E+00 
1900 1200 1.00000E+00 0.00000E+00 
1900 1250 1.00000E+00 0.00000E+00 
1900 1300 1.00000E+00 0.00000E+00 
1900 1350 1.00000E+00 0.00000E+00 
1900 1400 1.00000E+00 0.00000E+00 
1900 1450 1.00000E+00 0.00000E+00 
1900 1500 1.00000E+00 0.00000E+00 
1900 1550 1.00000E+00 0.00000E+00 
1900 1600 1.00000E+00 0.00000E+00 
1900 1650 1.00000E+00 0.00000E+00 
1900 1700 1.00000E+00 0.00000E+00 
1900 1750 1.00000E+00 0.00000E+00 
1900 1800 1.00000E+00 0.00000E+00 
1900 1850 1.00000E+00 0.00000E+00 
1900 1900 1.00000E+00 0.00000E+00 
1900 1950 1.00000E+00 0.00000E+00 
1900 2000 1.00000E+00 0.00000E+00 
1900 2050 1.00000E+00 0.00000E+00 
1950 800 1.00000E+00 0.00000E+00 
1950 850 1.00000E+00 0.00000E+00 
1950 900 1.00000E+00 0.00000E+00 
1950 950 1.00000E+00 0.00000E+00 
1950 1000 1.00000E+00 0.00000E+00 
1950 1050 1.00000E+00 0.00000E+00 
1950 1100 1.00000E+00 0.00000E+00 
1950 1150 1.00000E+00 0.00000E+00 
1950 1200 1.00000E+00 0.00000E+00 
1950 1250 1.00000E+00 0.00000E+00 
1950 1300 1.00000E+00 0.00000E+00 
1950 1350 1.00000E+00 0.00000E+00 
1950 1400 1.00000E+00 0.00000E+00 
1950 1450 1.00000E+00 0.00000E+00 
1950 1500 1.00000E+00 0.00000E+00 
1950 1550 1.00000E+00 0.00000E+00 
1950 1600 1.00000E+00 0.00000E+00 
1950 1650 1.00000E+00 0.00000E+00 
1950 1700 1.00000E+00 0.00000E+00 
1950 1750 1.00000E+00 0.00000E+00 
1950 1800 1.00000E+00 0.00000E+00 
1950 1850 1.00000E+00 0.00000E+00 
1950 1900 1.00000E+00 0.00000E+00 
1950 1950 1.00000E+00 0.00000E+00 
1950 2000 1.00000E+00 0.00000E+00 
1950 2050 1.00000E+00 0.00000E+00 
2000 800 1.00000E+00 0.00000E+00 
2000 850 1.00000E+00 0.00000E+00 
2000 900 1.00000E+00 0.00000E+00 
2000 950 1.00000E+00 0.00000E+00 
2000 1000 1.00000E+00 0.00000E+00 
2000 1050 1.00000E+00 0.00000E+00 
2000 1100 1.00000E+00 0.00000E+00 
2000 1150 1.00000E+00 0.00000E+00 
2000 1200 1.00000E+00 0.00000E+00 
2000 1250 1.00000E+00 0.00000E+00 
2000 1300 1.00000E+00 0.00000E+00 
2000 1350 1.00000E+00 0.00000E+00 
2000 1400 1.00000E+00 0.00000E+00 
2000 1450 1.00000E+00 0.00000E+00 
2000 1500 1.00000E+00 0.00000E+00 
2000 1550 1.00000E+00 0.00000E+00 
2000 1600 1.00000E+00 0.00000E+00 
2000 1650 1.00000E+00 0.00000E+00 
2000 1700 1.00000E+00 0.00000E+00 
2000 1750 1.00000E+00 0.00000E+00 
2000 1800 1.00000E+00 0.00000E+00 
2000 1850 1.00000E+00 0.00000E+00 
2000 1900 1.00000E+00 0.00000E+00 
2000 1950 1.00000E+00 0.00000E+00 
2000 2000 1.00000E+00 0.00000E+00 
2000 2050 1.00000E+00 0.00000E+00 
2050 800 1.00000E+00 0.00000E+00 
2050 850 1.00000E+00 0.00000E+00 
2050 900 1.00000E+00 0.00000E+00 
2050 950 1.00000E+00 0.00000E+00 
2050 1000 1.00000E+00 0.00000E+00 
2050 1050 1.00000E+00 0.00000E+00 
2050 1100 1.00000E+00 0.00000E+00 
2050 1150 1.00000E+00 0.00000E+00 
2050 1200 1.00000E+00 0.00000E+00 
2050 1250 1.00000E+00 0.00000E+00 
2050 1300 1.00000E+00 0.00000E+00 
2050 1350 1.00000E+00 0.00000E+00 
2050 1400 1.00000E+00 0.00000E+00 
2050 1450 1.00000E+00 0.00000E+00 
2050 1500 9.99999E-01 1.11111E-06 
2050 1550 1.00000E+00 0.00000E+00 
2050 1600 1.00000E+00 0.00000E+00 
2050 1650 1.00000E+00 0.00000E+00 
2050 1700 1.00000E+00 0.00000E+00 
2050 1750 1.00000E+00 0.00000E+00 
2050 1800 1.00000E+00 0.00000E+00 
2050 1850 1.00000E+00 0.00000E+00 
2050 1900 1.00000E+00 0.00000E+00 
2050 1950 1.00000E+00 0.00000E+00 
2050 2000 1.00000E+00 0.00000E+00 
2050 2050 1.00000E+00 0.00000E+00 
