800 3.92045E-01 1.07017E-03 3.78619E-03 4.45867E-01 
850 3.91936E-01 1.04084E-03 3.77375E-03 4.45803E-01 
900 3.91709E-01 1.04687E-03 3.78941E-03 4.45743E-01 
950 3.91718E-01 1.04531E-03 3.80874E-03 4.45685E-01 
1000 3.91679E-01 1.04160E-03 3.80807E-03 4.45629E-01 
1050 3.91586E-01 1.03036E-03 3.82756E-03 4.45599E-01 
1100 3.91444E-01 1.03272E-03 3.84217E-03 4.45548E-01 
1150 3.91303E-01 1.03560E-03 3.84519E-03 4.45463E-01 
1200 3.91216E-01 1.02946E-03 3.86027E-03 4.45434E-01 
1250 3.91133E-01 1.02006E-03 3.87010E-03 4.45406E-01 
1300 3.91048E-01 1.04308E-03 3.89538E-03 4.45357E-01 
1350 3.90980E-01 1.03514E-03 3.91864E-03 4.45317E-01 
1400 3.90994E-01 1.02860E-03 3.92383E-03 4.45292E-01 
1450 3.90657E-01 1.03884E-03 3.95237E-03 4.45216E-01 
1500 3.90601E-01 1.03302E-03 3.96003E-03 4.45221E-01 
1550 3.90647E-01 1.03609E-03 3.97942E-03 4.45161E-01 
1600 3.90534E-01 1.02687E-03 3.99192E-03 4.45145E-01 
1650 3.90402E-01 1.02385E-03 4.00589E-03 4.45133E-01 
1700 3.90195E-01 1.02566E-03 4.03282E-03 4.45106E-01 
1750 3.90099E-01 1.02984E-03 4.03686E-03 4.45081E-01 
1800 3.89969E-01 1.04046E-03 4.06060E-03 4.45056E-01 
1850 3.89914E-01 1.02726E-03 4.07090E-03 4.45038E-01 
1900 3.89785E-01 1.02463E-03 4.10015E-03 4.45021E-01 
1950 3.89686E-01 1.01285E-03 4.10906E-03 4.45042E-01 
2000 3.89529E-01 1.03799E-03 4.12902E-03 4.45007E-01 
