-0.000626636923077 53.4261956923
-0.000201736615385 4.68647886154
6.30883076923e-07 0.00998424369231
2.035e-06 0.04453064
-1.18878307692e-07 0.00333321283077
-1.42556615385e-06 0.0301999686154
9.36923076927e-08 2.48939003077
7.3723903128e-19 2.48771
-2.95638307692e-07 0.00829765043077
-3.54648153846e-06 0.0751289061538
-1.36923076915e-06 199.243396923
1.57277660006e-17 199.273
9.30176923077e-05 1.44486803077
-0.000173214307692 2.47153763077
-2.13913692308e-12 6.40091276923e-08
-1.06797384615e-10 2.04539073846e-06
3.6861951564e-19 1.0
0.0 0.0
1.19404615385e-06 0.303794655385
4.30524507692e-06 -0.00148615110769
5.97462769231e-08 0.000778948972308
4.71061538462e-07 0.278083033846
3.58942769231e-08 0.000199094972308
1.50168615385e-08 0.000454162193846
-1.82547692308e-09 0.000430562987692
-2.00802769231e-08 0.000657040347692
8.52646153846e-08 0.000843094658462
-4.29400923077e-09 0.000142748700923
4.636e-10 0.00019751644
-5.59611076923e-09 5.03692750769e-05
1.91989331063e-21 0.0124667
3.83978662125e-21 0.0282917
3.83978662125e-21 0.0425244
3.071829297e-20 0.133042
6.143658594e-20 0.292467
1.2287317188e-19 0.666488
2.4574634376e-19 1.63478
-4.9149268752e-19 3.5546
