-0.00144664615385 120.519264615
-0.000481526153846 11.3519566154
-1.10910769231e-08 0.00177141150769
1.18639538462e-07 0.00207034024615
-4.68608769231e-46 2.17642747692e-42
-4.75065538462e-45 2.37141055385e-41
0.0 0.0
0.0 0.0
0.0 0.0
0.0 0.0
0.0 0.0
0.0 0.0
-2.69947846154e-05 0.369089738462
6.52338461538e-06 0.0150795495385
-2.41138e-12 6.735252e-08
-9.08467692308e-11 2.06019027692e-06
0.0 0.0
0.0 0.0
-5.84984615385e-07 0.388386658462
1.25163692308e-07 0.00192198243077
-1.10123076923e-08 0.00175752123077
-8.16415384615e-07 0.443610101538
3.58942769231e-08 0.000199094972308
1.50168615385e-08 0.000454162193846
-1.82547692308e-09 0.000430562987692
-2.00802769231e-08 0.000657040347692
8.52646153846e-08 0.000843094658462
-4.29400923077e-09 0.000142748700923
4.636e-10 0.00019751644
-5.59611076923e-09 5.03692750769e-05
1.91989331063e-21 0.0124667
3.83978662125e-21 0.0282917
3.83978662125e-21 0.0425244
3.071829297e-20 0.133042
6.143658594e-20 0.292467
1.2287317188e-19 0.666488
2.4574634376e-19 1.63478
-4.9149268752e-19 3.5546
