633.0 21.8251 17.8789 9.16045 16.5087
700.0 21.8928 17.8982 9.18097 16.7341
800.0 21.9768 17.9159 9.21575 17.0935
900.0 22.0632 17.9349 9.24913 17.4687
1000.0 22.1553 17.9559 9.28361 17.8252
1100.0 22.2383 17.9765 9.32119 18.1966
1200.0 22.3233 17.9939 9.36191 18.5683
1300.0 22.4076 18.013 9.40499 18.9627
1400.0 22.4882 18.0283 9.44066 19.3376
1500.0 22.5711 18.0485 9.48539 19.7277
1600.0 22.6556 18.0642 9.5319 20.1128
1700.0 22.7245 18.0706 9.57454 20.5083
1800.0 22.8024 18.0935 9.62338 20.9158
1900.0 22.8793 18.1075 9.66772 21.2969
2000.0 22.9497 18.1218 9.71322 21.7092
