633.0 0.330801 0.0114044 0.0 0.0 0.0 0.432953 0.0109848 0.0 0.0 0.0 0.42647 0.0183093 0.0 0.0 0.000919807 0.451757
700.0 0.330427 0.0113934 0.0 0.0 0.0 0.432433 0.0109703 0.0 0.0 0.0 0.425722 0.0185575 0.0 0.0 0.00109479 0.45143
800.0 0.329818 0.0113731 0.0 0.0 0.0 0.431659 0.0109481 0.0 0.0 0.0 0.424542 0.0189866 0.0 0.0 0.00139436 0.450921
900.0 0.329238 0.0113535 0.0 0.0 0.0 0.43089 0.0109219 0.0 0.0 3.25238e-06 0.42327 0.0195103 0.0 0.0 0.00174513 0.450397
1000.0 0.328645 0.0113331 0.0 0.0 0.0 0.43013 0.0108881 0.0 0.0 4.03097e-06 0.421805 0.0202338 0.0 0.0 0.00220599 0.449629
1100.0 0.328047 0.0113148 0.0 0.0 0.0 0.429369 0.0108572 0.0 0.0 4.90848e-06 0.420193 0.0210936 0.0 0.0 0.00274724 0.448821
1200.0 0.327468 0.0112974 0.0 0.0 0.0 0.428592 0.0108432 0.0 0.0 5.70781e-06 0.418355 0.0221832 0.0 0.0 0.0034379 0.447767
1300.0 0.326869 0.0112744 0.0 0.0 0.0 0.427823 0.0108223 0.0 0.0 6.65917e-06 0.416457 0.0233441 0.0 0.0 0.00418191 0.446752
1400.0 0.3263 0.011257 0.0 0.0 0.0 0.427062 0.0107958 0.0 0.0 7.41017e-06 0.414323 0.0247462 0.0 0.0 0.00508972 0.445512
1500.0 0.325708 0.0112378 0.0 0.0 0.0 0.426296 0.0107758 0.0 0.0 8.28886e-06 0.411942 0.0264011 0.0 0.0 0.00618036 0.44403
1600.0 0.325133 0.011219 0.0 0.0 0.0 0.425535 0.010751 0.0 0.0 9.43975e-06 0.409303 0.0283214 0.0 0.0 0.00747757 0.442298
1700.0 0.324543 0.0111987 0.0 0.0 0.0 0.424773 0.0107296 0.0 0.0 1.03178e-05 0.40684 0.0300504 0.0 0.0 0.00871893 0.440717
1800.0 0.323954 0.011179 0.0 0.0 0.0 0.424014 0.0107059 0.0 0.0 1.12735e-05 0.404256 0.0319074 0.0 0.0 0.0101202 0.438939
1900.0 0.323389 0.0111588 0.0 0.0 0.0 0.423257 0.0106825 0.0 0.0 1.23746e-05 0.401569 0.0338764 0.0 0.0 0.0116722 0.436983
