633.0 2.35258e-09 4.29987e-08 3.80194e-07 2.16924e-06
700.0 2.35283e-09 4.29953e-08 3.80759e-07 2.11926e-06
800.0 2.3529e-09 4.29891e-08 3.81794e-07 2.0502e-06
900.0 2.35284e-09 4.30023e-08 3.8312e-07 1.98853e-06
1000.0 2.35315e-09 4.30193e-08 3.84823e-07 1.92707e-06
1100.0 2.35341e-09 4.30297e-08 3.86894e-07 1.87454e-06
1200.0 2.35326e-09 4.30186e-08 3.89354e-07 1.823e-06
1300.0 2.35337e-09 4.30209e-08 3.92123e-07 1.7809e-06
1400.0 2.35366e-09 4.30216e-08 3.95574e-07 1.74047e-06
1500.0 2.35367e-09 4.30248e-08 3.9973e-07 1.70152e-06
1600.0 2.35372e-09 4.30211e-08 4.04731e-07 1.66438e-06
1700.0 2.35392e-09 4.30191e-08 4.09617e-07 1.63433e-06
1800.0 2.35392e-09 4.30189e-08 4.15077e-07 1.60608e-06
1900.0 2.35421e-09 4.30201e-08 4.2112e-07 1.57881e-06
