633.0 0.33086 0.011407 0.0 0.0 0.0 0.433045 0.0108984 0.0 0.0 0.0 0.425982 0.0187933 0.0 0.0 0.000814997 0.451783
700.0 0.330473 0.0113945 0.0 0.0 0.0 0.432528 0.0108813 0.0 0.0 0.0 0.425264 0.0190093 0.0 0.0 0.000966292 0.451477
800.0 0.32988 0.0113753 0.0 0.0 0.0 0.431754 0.0108577 0.0 0.0 5.00271e-07 0.424143 0.0193771 0.0 0.0 0.00121694 0.451011
900.0 0.329287 0.0113532 0.0 0.0 0.0 0.430989 0.0108285 0.0 0.0 3.71917e-06 0.422952 0.019819 0.0 0.0 0.00150703 0.450542
1000.0 0.328701 0.0113355 0.0 0.0 0.0 0.430229 0.0107944 0.0 0.0 4.38615e-06 0.421608 0.0204172 0.0 0.0 0.00187328 0.449864
1100.0 0.328124 0.0113171 0.0 0.0 0.0 0.429468 0.0107631 0.0 0.0 5.39617e-06 0.420154 0.0211162 0.0 0.0 0.00230084 0.449164
1200.0 0.327519 0.0112966 0.0 0.0 0.0 0.428686 0.0107543 0.0 0.0 6.43915e-06 0.418476 0.0220408 0.0 0.0 0.00285847 0.448225
1300.0 0.326932 0.0112789 0.0 0.0 0.0 0.42792 0.0107308 0.0 0.0 7.54868e-06 0.416762 0.0230121 0.0 0.0 0.00345364 0.44735
1400.0 0.326349 0.0112611 0.0 0.0 0.0 0.427158 0.0107054 0.0 0.0 8.32452e-06 0.414809 0.0242257 0.0 0.0 0.00418918 0.446269
1500.0 0.325762 0.01124 0.0 0.0 0.0 0.426388 0.0106882 0.0 0.0 9.47832e-06 0.412629 0.0256734 0.0 0.0 0.00508146 0.444971
1600.0 0.325173 0.0112197 0.0 0.0 0.0 0.425629 0.0106626 0.0 0.0 1.06148e-05 0.41019 0.027386 0.0 0.0 0.00615284 0.443447
1700.0 0.324599 0.0112004 0.0 0.0 0.0 0.424867 0.0106403 0.0 0.0 1.18813e-05 0.407838 0.0289935 0.0 0.0 0.00720555 0.442033
1800.0 0.324007 0.011181 0.0 0.0 0.0 0.424108 0.0106173 0.0 0.0 1.3094e-05 0.405351 0.0307436 0.0 0.0 0.00838752 0.440463
1900.0 0.323442 0.0111643 0.0 0.0 0.0 0.423352 0.0105923 0.0 0.0 1.44956e-05 0.40273 0.0326359 0.0 0.0 0.00973341 0.438684
