633.0 2.51458 2.43451 2.43661 2.4367
700.0 2.51473 2.43451 2.43661 2.4367
800.0 2.51498 2.43451 2.43661 2.4367
900.0 2.51523 2.43451 2.43661 2.4367
1000.0 2.51539 2.43451 2.43661 2.4367
1100.0 2.51566 2.43451 2.43661 2.4367
1200.0 2.51588 2.43451 2.43661 2.4367
1300.0 2.51611 2.43451 2.43661 2.4367
1400.0 2.51633 2.43451 2.43661 2.4367
1500.0 2.51656 2.43451 2.43661 2.4367
1600.0 2.51679 2.43451 2.43661 2.4367
1700.0 2.51699 2.43451 2.43661 2.4367
1800.0 2.51722 2.43451 2.43661 2.4367
1900.0 2.51744 2.43451 2.43661 2.4367
2000.0 2.51759 2.43451 2.43661 2.4367
