633.0 0.00641206 0.00969208 0.0228723 0.0287044
700.0 0.00630494 0.00958124 0.0227346 0.0283234
800.0 0.00615526 0.00941753 0.022481 0.0277418
900.0 0.00600727 0.00923789 0.0222502 0.0271766
1000.0 0.00587048 0.00904208 0.0220101 0.0266764
1100.0 0.00572933 0.00890595 0.0217447 0.0261778
1200.0 0.00559222 0.00873912 0.0215173 0.0257141
1300.0 0.005463 0.008574 0.021252 0.0252662
1400.0 0.00533382 0.00842418 0.0209932 0.024838
1500.0 0.0052104 0.00827595 0.0207482 0.0244129
1600.0 0.00508539 0.00811758 0.0204935 0.0240382
1700.0 0.00496814 0.00796671 0.0202444 0.0236807
1800.0 0.00485335 0.00781238 0.0199607 0.0233165
1900.0 0.00474103 0.00766465 0.0197269 0.0229961
2000.0 0.00462802 0.00752422 0.0194576 0.0226719
