633.0 0.011419 0.0109885 0.0183426 0.00110646
700.0 0.0114078 0.010974 0.0185902 0.00127697
800.0 0.0113876 0.0109519 0.0190196 0.00157029
900.0 0.0113681 0.0109255 0.0195471 0.00191572
1000.0 0.0113476 0.0108918 0.0202713 0.00237089
1100.0 0.0113291 0.0108608 0.0211324 0.00290768
1200.0 0.0113118 0.0108469 0.0222227 0.00359392
1300.0 0.0112888 0.010826 0.0233848 0.00433372
1400.0 0.0112714 0.0107995 0.0247877 0.0052374
1500.0 0.0112521 0.0107794 0.026444 0.00632489
1600.0 0.0112335 0.0107547 0.0283659 0.00761873
1700.0 0.011213 0.0107333 0.0300961 0.00885784
1800.0 0.0111932 0.0107096 0.0319547 0.0102564
1900.0 0.0111729 0.0106862 0.0339253 0.0118058
