633.0 0.000434618 0.00373761 0.009264 0.0545525
700.0 0.000428392 0.00368571 0.00913204 0.0535729
800.0 0.000419284 0.00360956 0.00895457 0.0521563
900.0 0.000410387 0.00353794 0.00876784 0.0507772
1000.0 0.000401634 0.00346417 0.0085904 0.0494805
1100.0 0.000393131 0.00339472 0.00841626 0.0482165
1200.0 0.000384766 0.00332625 0.00824868 0.0469818
1300.0 0.000376577 0.00325559 0.00807857 0.0458135
1400.0 0.000368587 0.00318935 0.00791471 0.0446834
1500.0 0.000360766 0.00312528 0.00775721 0.0435791
1600.0 0.000353081 0.00305936 0.00759774 0.0425348
1700.0 0.000345599 0.00299751 0.00744412 0.0415129
1800.0 0.000338284 0.00293544 0.0072943 0.0405083
1900.0 0.000331103 0.00287419 0.00714598 0.0395598
2000.0 0.000324062 0.0028143 0.00700476 0.038626
