633.0 0.320054 0.00583519 6.21411e-09 0.0 0.0 0.273182 0.00547793 0.0 0.0 0.0 0.259886 0.0105679 0.0 0.0 0.000747597 0.273214
700.0 0.315674 0.00573369 7.58778e-09 0.0 0.0 0.269367 0.00539877 0.0 0.0 0.0 0.256184 0.0104873 0.0 0.0 0.000847786 0.269699
800.0 0.309205 0.00559742 1.05242e-08 0.0 0.0 0.263778 0.00528412 0.0 0.0 0.0 0.25077 0.0103568 0.0 0.0 0.000997703 0.264553
900.0 0.302886 0.00546077 1.04464e-08 0.0 0.0 0.258308 0.00516431 0.0 0.0 3.00785e-06 0.245442 0.0102469 0.0 0.0 0.00114281 0.25948
1000.0 0.296724 0.0053344 7.57534e-09 0.0 0.0 0.252968 0.00502022 0.0 0.0 3.60883e-06 0.240224 0.0101413 0.0 0.0 0.00129267 0.254478
1100.0 0.29066 0.00520406 8.89717e-09 0.0 0.0 0.247691 0.00493863 0.0 0.0 4.3179e-06 0.235128 0.0100308 0.0 0.0 0.00144414 0.24956
1200.0 0.284709 0.00507944 1.47427e-08 0.0 0.0 0.242534 0.00483572 0.0 0.0 5.00512e-06 0.230104 0.00995192 0.0 0.0 0.0015958 0.244694
1300.0 0.278912 0.00495761 7.32656e-09 0.0 0.0 0.237472 0.00473248 0.0 0.0 5.6229e-06 0.225206 0.00984316 0.0 0.0 0.00174842 0.23994
1400.0 0.273213 0.00484029 5.91658e-09 0.0 0.0 0.232514 0.00463854 0.0 0.0 6.23031e-06 0.220404 0.00975112 0.0 0.0 0.00190075 0.235258
1500.0 0.267604 0.0047255 7.40674e-09 0.0 0.0 0.22766 0.0045465 0.0 0.0 7.00234e-06 0.215676 0.00966657 0.0 0.0 0.002051 0.230654
1600.0 0.262185 0.00461105 8.62858e-09 0.0 0.0 0.222907 0.00445287 0.0 0.0 7.53685e-06 0.211067 0.0095768 0.0 0.0 0.002208 0.226129
1700.0 0.25682 0.00450213 8.76046e-09 0.0 0.0 0.218248 0.00436699 0.0 0.0 8.55747e-06 0.206554 0.00949876 0.0 0.0 0.00236636 0.221665
1800.0 0.251551 0.00439733 5.89241e-09 0.0 0.0 0.213693 0.00427456 0.0 0.0 9.55974e-06 0.202144 0.00940984 0.0 0.0 0.00252232 0.217279
1900.0 0.246419 0.00429411 7.20731e-09 0.0 0.0 0.209221 0.00418636 0.0 0.0 1.01721e-05 0.197799 0.00933616 0.0 0.0 0.00267905 0.212979
2000.0 0.241413 0.00419059 2.95754e-09 0.0 0.0 0.204845 0.00410267 0.0 0.0 1.08818e-05 0.193575 0.00924822 0.0 0.0 0.00283566 0.20875
