633.0 0.0114197 0.0109021 0.0188256 0.00100041
700.0 0.0114071 0.010885 0.0190419 0.00114732
800.0 0.011388 0.0108614 0.0194109 0.00139176
900.0 0.0113656 0.0108323 0.0198555 0.00167664
1000.0 0.011348 0.0107981 0.0204546 0.00203718
1100.0 0.0113296 0.0107668 0.0211544 0.00245922
1200.0 0.0113092 0.010758 0.0220802 0.00301323
1300.0 0.0112911 0.0107346 0.0230526 0.00360477
1400.0 0.0112732 0.010709 0.0242679 0.00433667
1500.0 0.0112522 0.010692 0.0257166 0.005225
1600.0 0.011232 0.0106664 0.0274308 0.00629298
1700.0 0.0112127 0.0106441 0.0290401 0.00734296
1800.0 0.0111932 0.010621 0.0307918 0.0085218
1900.0 0.0111765 0.010596 0.0326856 0.0098662
