633.0 1.20698 0.795611 0.793311 0.756965
700.0 1.20829 0.796586 0.794206 0.758315
800.0 1.21053 0.797979 0.795533 0.759711
900.0 1.21268 0.799403 0.796853 0.761049
1000.0 1.21491 0.80088 0.798216 0.762944
1100.0 1.21697 0.802311 0.799508 0.764178
1200.0 1.21928 0.803752 0.800956 0.765775
1300.0 1.22138 0.805227 0.80225 0.76682
1400.0 1.22361 0.80668 0.80363 0.768135
1500.0 1.22583 0.808117 0.804928 0.76959
1600.0 1.22794 0.809569 0.806286 0.771234
1700.0 1.2302 0.811008 0.807601 0.77228
1800.0 1.23248 0.812465 0.808982 0.773402
1900.0 1.23454 0.813918 0.810306 0.77468
