633.0 0.0124906 0.0318222 0.109384 0.317046 1.35382 8.64066
700.0 0.0124906 0.0318219 0.109384 0.317041 1.35383 8.64019
800.0 0.0124906 0.0318217 0.109385 0.317039 1.35385 8.63996
900.0 0.0124906 0.0318216 0.109385 0.317033 1.35382 8.64133
1000.0 0.0124906 0.0318213 0.109386 0.317037 1.35384 8.63919
1100.0 0.0124906 0.0318218 0.109387 0.317047 1.35384 8.64035
1200.0 0.0124906 0.0318212 0.109389 0.317038 1.35386 8.64028
1300.0 0.0124906 0.031821 0.109383 0.317053 1.35383 8.64018
1400.0 0.0124906 0.0318221 0.109383 0.317048 1.35387 8.64031
1500.0 0.0124906 0.0318216 0.109389 0.317031 1.35386 8.64004
1600.0 0.0124906 0.0318227 0.109388 0.31704 1.35385 8.64213
1700.0 0.0124906 0.031823 0.109383 0.317041 1.35386 8.63997
1800.0 0.0124906 0.0318211 0.109388 0.317032 1.35383 8.63905
1900.0 0.0124906 0.0318223 0.109385 0.317029 1.35387 8.64189
2000.0 0.0124906 0.031822 0.109386 0.317039 1.35383 8.64047
