633.0 0.999629 0.000371254 2.31933e-07 0.0
700.0 0.999631 0.000369169 2.62612e-07 0.0
800.0 0.999634 0.000365461 1.32844e-07 0.0
900.0 0.999628 0.000372309 1.32964e-07 3.22355e-08
1000.0 0.999621 0.000378993 2.33866e-07 0.0
1100.0 0.999628 0.000371865 2.35066e-07 0.0
1200.0 0.999631 0.000369101 1.62992e-07 0.0
1300.0 0.99962 0.000380162 3.21154e-08 0.0
1400.0 0.999625 0.000374946 1.33172e-07 0.0
1500.0 0.999625 0.000375215 2.31404e-07 0.0
1600.0 0.999627 0.000372574 1.36454e-07 0.0
1700.0 0.999629 0.000370848 1.96373e-07 0.0
1800.0 0.999626 0.000373621 1.32171e-07 0.0
1900.0 0.999629 0.000370744 1.31135e-07 0.0
2000.0 0.999625 0.000374568 1.99755e-07 0.0
