633.0 63.611 55.3998 27.8987 54.9741
700.0 63.5986 55.3857 27.96 55.8986
800.0 63.641 55.4101 28.1079 57.2886
900.0 63.6592 55.4247 28.2589 58.5252
1000.0 63.64 55.4218 28.4176 59.8657
1100.0 63.6508 55.4462 28.6187 61.049
1200.0 63.6973 55.4551 28.8934 62.2326
1300.0 63.7237 55.4916 29.1885 63.2435
1400.0 63.7476 55.5164 29.547 64.2635
1500.0 63.7719 55.5398 29.9907 65.2526
1600.0 63.7889 55.5429 30.4949 66.1309
1700.0 63.8235 55.5674 31.0288 66.8237
1800.0 63.8314 55.574 31.6358 67.504
1900.0 63.8781 55.6171 32.3468 68.056
