633.0 0.000226501 0.001154 0.00111757 0.00319026 0.00092849 0.000330988
700.0 0.00022106 0.00116751 0.00111846 0.00317024 0.000918021 0.000325859
800.0 0.000225459 0.00116428 0.00111583 0.00323192 0.000930666 0.00033578
900.0 0.000229174 0.00116293 0.00111343 0.00320767 0.000921391 0.000324342
1000.0 0.000218601 0.00113847 0.00114819 0.00314531 0.000940881 0.000344166
1100.0 0.000229803 0.00116081 0.00113566 0.00317357 0.000928951 0.000332866
1200.0 0.000230486 0.00114622 0.00112777 0.00319282 0.00094333 0.000330385
1300.0 0.000229214 0.00114182 0.00112891 0.00321003 0.000934204 0.000329161
1400.0 0.000221727 0.00117281 0.00114341 0.00317979 0.000937756 0.000335451
1500.0 0.000223555 0.00115058 0.00114461 0.00319446 0.000946769 0.000334195
1600.0 0.000226473 0.00117587 0.00111343 0.00318227 0.000939181 0.000323947
1700.0 0.000227331 0.00117364 0.00113638 0.00320646 0.000925771 0.000329403
1800.0 0.000225931 0.00117382 0.00113728 0.00318722 0.000948451 0.000330997
1900.0 0.000220137 0.00116971 0.00113134 0.00322468 0.000941208 0.00033239
2000.0 0.000232401 0.00116898 0.00114567 0.00321873 0.000942671 0.000334279
