633.0 0.999659 0.00034065 1.67534e-07 0.0
700.0 0.999663 0.00033679 3.41142e-08 0.0
800.0 0.999666 0.00033427 0.0 0.0
900.0 0.999659 0.000340898 6.79266e-08 0.0
1000.0 0.999652 0.000347815 1.34056e-07 0.0
1100.0 0.99966 0.000340105 1.01997e-07 0.0
1200.0 0.999661 0.000338721 6.63697e-08 0.0
1300.0 0.999653 0.000346912 0.0 0.0
1400.0 0.999655 0.000344483 6.79713e-08 0.0
1500.0 0.999656 0.000343921 6.67756e-08 0.0
1600.0 0.999659 0.000340998 0.0 0.0
1700.0 0.999661 0.000338992 9.78236e-08 0.0
1800.0 0.99966 0.000339523 3.27452e-08 0.0
1900.0 0.999662 0.000337694 3.32127e-08 0.0
2000.0 0.999658 0.000341767 3.40616e-08 0.0
