800 1.82129E-04 1.20485E-03 5.56795E-04 1.45346E-03 2.39773E-03 6.03969E-04 5.76323E-04 1.70565E-04 
850 2.24541E-04 1.24996E-03 6.71877E-04 1.45256E-03 2.37148E-03 7.93341E-04 5.55858E-04 1.56499E-04 
900 2.30901E-04 1.05571E-03 6.62016E-04 1.28714E-03 2.16612E-03 5.47011E-04 6.37819E-04 1.50035E-04 
950 2.16852E-04 9.27427E-04 8.71036E-04 1.34395E-03 2.64492E-03 6.44429E-04 5.89339E-04 1.29475E-04 
1000 2.16575E-04 1.08313E-03 7.07614E-04 1.36014E-03 2.46480E-03 7.56095E-04 6.40804E-04 1.64589E-04 
1050 2.24667E-04 1.18487E-03 6.95583E-04 1.51452E-03 2.50616E-03 7.00928E-04 6.33836E-04 2.04785E-04 
1100 2.25607E-04 1.21381E-03 6.90410E-04 1.60714E-03 2.49284E-03 6.60467E-04 4.82755E-04 1.38538E-04 
1150 2.50143E-04 1.00455E-03 8.30469E-04 1.28487E-03 2.46760E-03 7.51825E-04 4.82167E-04 1.41847E-04 
1200 2.92845E-04 1.00356E-03 6.55514E-04 1.38652E-03 2.38756E-03 6.43573E-04 5.52326E-04 1.66746E-04 
1250 2.37332E-04 1.04385E-03 7.00195E-04 1.50420E-03 2.30325E-03 6.06250E-04 6.35165E-04 1.70616E-04 
1300 2.35234E-04 1.17603E-03 6.07920E-04 1.51586E-03 2.33680E-03 7.52507E-04 5.72831E-04 1.99272E-04 
1350 2.14666E-04 1.13905E-03 6.59426E-04 1.38013E-03 2.27743E-03 6.52111E-04 8.85000E-04 1.81764E-04 
1400 3.09833E-04 1.06933E-03 7.28724E-04 1.36317E-03 2.46889E-03 5.71825E-04 6.26395E-04 1.42312E-04 
1450 2.43058E-04 1.03647E-03 6.51767E-04 1.36294E-03 2.31272E-03 6.97174E-04 6.66925E-04 1.65673E-04 
1500 1.63440E-04 1.09023E-03 8.07889E-04 1.38677E-03 2.22069E-03 5.41938E-04 5.62579E-04 1.73885E-04 
1550 2.55394E-04 8.83923E-04 6.78791E-04 1.64805E-03 2.37608E-03 7.52897E-04 5.37230E-04 1.17651E-04 
1600 2.03733E-04 1.11222E-03 8.35890E-04 1.40016E-03 2.32693E-03 8.60371E-04 6.04263E-04 1.83890E-04 
1650 2.73424E-04 1.07125E-03 6.11526E-04 1.48652E-03 2.53512E-03 6.90392E-04 6.31423E-04 1.51533E-04 
1700 2.31499E-04 1.13425E-03 6.12802E-04 1.56764E-03 2.32282E-03 6.94206E-04 4.88477E-04 1.85917E-04 
1750 2.07426E-04 1.16546E-03 7.48828E-04 1.47798E-03 2.07189E-03 7.09452E-04 6.09838E-04 1.27026E-04 
1800 1.93613E-04 1.11429E-03 7.90439E-04 1.33261E-03 2.32373E-03 7.23330E-04 5.53015E-04 2.00008E-04 
1850 1.93066E-04 1.08612E-03 6.78736E-04 1.75038E-03 2.37079E-03 6.09021E-04 7.22009E-04 2.39177E-04 
1900 2.97395E-04 1.19142E-03 7.37206E-04 1.44879E-03 2.51992E-03 6.23786E-04 6.00673E-04 1.26542E-04 
1950 3.62543E-04 1.06636E-03 7.60146E-04 1.46183E-03 2.52442E-03 7.30467E-04 5.39586E-04 1.61909E-04 
2000 2.68866E-04 1.20336E-03 5.99297E-04 1.52794E-03 2.54986E-03 7.11456E-04 5.18429E-04 2.10432E-04 
