800 1.04639E-02 4.64609E-02 
850 1.04830E-02 4.65569E-02 
900 1.05293E-02 4.65215E-02 
950 1.05787E-02 4.65513E-02 
1000 1.05962E-02 4.65185E-02 
1050 1.06338E-02 4.64846E-02 
1100 1.07063E-02 4.67084E-02 
1150 1.07291E-02 4.68592E-02 
1200 1.07646E-02 4.68280E-02 
1250 1.07880E-02 4.69219E-02 
1300 1.08378E-02 4.70631E-02 
1350 1.08511E-02 4.72132E-02 
1400 1.08845E-02 4.73484E-02 
1450 1.09129E-02 4.72686E-02 
1500 1.09649E-02 4.74182E-02 
1550 1.09643E-02 4.75213E-02 
1600 1.09937E-02 4.75964E-02 
1650 1.10247E-02 4.78398E-02 
1700 1.10652E-02 4.79404E-02 
1750 1.10833E-02 4.80730E-02 
1800 1.11008E-02 4.83439E-02 
1850 1.11372E-02 4.84126E-02 
1900 1.11816E-02 4.85623E-02 
1950 1.11835E-02 4.86256E-02 
2000 1.12286E-02 4.88530E-02 
