800 6.58042E-08 1.99396E-06 
850 6.54618E-08 1.98677E-06 
900 6.53839E-08 1.98228E-06 
950 6.50904E-08 1.97350E-06 
1000 6.50226E-08 1.96875E-06 
1050 6.48178E-08 1.96056E-06 
1100 6.46771E-08 1.95866E-06 
1150 6.44193E-08 1.95633E-06 
1200 6.43764E-08 1.94603E-06 
1250 6.42615E-08 1.94351E-06 
1300 6.39728E-08 1.94165E-06 
1350 6.38010E-08 1.93918E-06 
1400 6.38105E-08 1.93308E-06 
1450 6.36140E-08 1.92377E-06 
1500 6.36762E-08 1.92181E-06 
1550 6.34301E-08 1.91690E-06 
1600 6.34319E-08 1.91380E-06 
1650 6.34711E-08 1.91103E-06 
1700 6.32313E-08 1.90334E-06 
1750 6.30609E-08 1.89942E-06 
1800 6.29379E-08 1.90120E-06 
1850 6.30134E-08 1.89315E-06 
1900 6.29461E-08 1.88954E-06 
1950 6.29244E-08 1.88466E-06 
2000 6.27781E-08 1.88224E-06 
