800 1.24667E-02 2.82917E-02 4.25244E-02 1.33042E-01 2.92467E-01 6.66488E-01 1.63478E+00 3.55460E+00 
850 1.24667E-02 2.82917E-02 4.25244E-02 1.33042E-01 2.92467E-01 6.66488E-01 1.63478E+00 3.55460E+00 
900 1.24667E-02 2.82917E-02 4.25244E-02 1.33042E-01 2.92467E-01 6.66488E-01 1.63478E+00 3.55460E+00 
950 1.24667E-02 2.82917E-02 4.25244E-02 1.33042E-01 2.92467E-01 6.66488E-01 1.63478E+00 3.55460E+00 
1000 1.24667E-02 2.82917E-02 4.25244E-02 1.33042E-01 2.92467E-01 6.66488E-01 1.63478E+00 3.55460E+00 
1050 1.24667E-02 2.82917E-02 4.25244E-02 1.33042E-01 2.92467E-01 6.66488E-01 1.63478E+00 3.55460E+00 
1100 1.24667E-02 2.82917E-02 4.25244E-02 1.33042E-01 2.92467E-01 6.66488E-01 1.63478E+00 3.55460E+00 
1150 1.24667E-02 2.82917E-02 4.25244E-02 1.33042E-01 2.92467E-01 6.66488E-01 1.63478E+00 3.55460E+00 
1200 1.24667E-02 2.82917E-02 4.25244E-02 1.33042E-01 2.92467E-01 6.66488E-01 1.63478E+00 3.55460E+00 
1250 1.24667E-02 2.82917E-02 4.25244E-02 1.33042E-01 2.92467E-01 6.66488E-01 1.63478E+00 3.55460E+00 
1300 1.24667E-02 2.82917E-02 4.25244E-02 1.33042E-01 2.92467E-01 6.66488E-01 1.63478E+00 3.55460E+00 
1350 1.24667E-02 2.82917E-02 4.25244E-02 1.33042E-01 2.92467E-01 6.66488E-01 1.63478E+00 3.55460E+00 
1400 1.24667E-02 2.82917E-02 4.25244E-02 1.33042E-01 2.92467E-01 6.66488E-01 1.63478E+00 3.55460E+00 
1450 1.24667E-02 2.82917E-02 4.25244E-02 1.33042E-01 2.92467E-01 6.66488E-01 1.63478E+00 3.55460E+00 
1500 1.24667E-02 2.82917E-02 4.25244E-02 1.33042E-01 2.92467E-01 6.66488E-01 1.63478E+00 3.55460E+00 
1550 1.24667E-02 2.82917E-02 4.25244E-02 1.33042E-01 2.92467E-01 6.66488E-01 1.63478E+00 3.55460E+00 
1600 1.24667E-02 2.82917E-02 4.25244E-02 1.33042E-01 2.92467E-01 6.66488E-01 1.63478E+00 3.55460E+00 
1650 1.24667E-02 2.82917E-02 4.25244E-02 1.33042E-01 2.92467E-01 6.66488E-01 1.63478E+00 3.55460E+00 
1700 1.24667E-02 2.82917E-02 4.25244E-02 1.33042E-01 2.92467E-01 6.66488E-01 1.63478E+00 3.55460E+00 
1750 1.24667E-02 2.82917E-02 4.25244E-02 1.33042E-01 2.92467E-01 6.66488E-01 1.63478E+00 3.55460E+00 
1800 1.24667E-02 2.82917E-02 4.25244E-02 1.33042E-01 2.92467E-01 6.66488E-01 1.63478E+00 3.55460E+00 
1850 1.24667E-02 2.82917E-02 4.25244E-02 1.33042E-01 2.92467E-01 6.66488E-01 1.63478E+00 3.55460E+00 
1900 1.24667E-02 2.82917E-02 4.25244E-02 1.33042E-01 2.92467E-01 6.66488E-01 1.63478E+00 3.55460E+00 
1950 1.24667E-02 2.82917E-02 4.25244E-02 1.33042E-01 2.92467E-01 6.66488E-01 1.63478E+00 3.55460E+00 
2000 1.24667E-02 2.82917E-02 4.25244E-02 1.33042E-01 2.92467E-01 6.66488E-01 1.63478E+00 3.55460E+00 
