800 1.00000E+00 0.00000E+00 
850 1.00000E+00 0.00000E+00 
900 1.00000E+00 0.00000E+00 
950 1.00000E+00 0.00000E+00 
1000 1.00000E+00 0.00000E+00 
1050 1.00000E+00 0.00000E+00 
1100 1.00000E+00 0.00000E+00 
1150 1.00000E+00 0.00000E+00 
1200 1.00000E+00 0.00000E+00 
1250 1.00000E+00 0.00000E+00 
1300 1.00000E+00 0.00000E+00 
1350 1.00000E+00 0.00000E+00 
1400 1.00000E+00 0.00000E+00 
1450 1.00000E+00 0.00000E+00 
1500 1.00000E+00 0.00000E+00 
1550 1.00000E+00 0.00000E+00 
1600 1.00000E+00 0.00000E+00 
1650 1.00000E+00 0.00000E+00 
1700 1.00000E+00 0.00000E+00 
1750 1.00000E+00 0.00000E+00 
1800 1.00000E+00 0.00000E+00 
1850 1.00000E+00 0.00000E+00 
1900 1.00000E+00 0.00000E+00 
1950 1.00000E+00 0.00000E+00 
2000 1.00000E+00 0.00000E+00 
