800 1.01721E-07 2.25674E-06 
850 1.01945E-07 2.24398E-06 
900 1.01720E-07 2.23399E-06 
950 1.01972E-07 2.22559E-06 
1000 1.01839E-07 2.21533E-06 
1050 1.02033E-07 2.20730E-06 
1100 1.02047E-07 2.19690E-06 
1150 1.02118E-07 2.18885E-06 
1200 1.02021E-07 2.17992E-06 
1250 1.02231E-07 2.17380E-06 
1300 1.02373E-07 2.16836E-06 
1350 1.02199E-07 2.16118E-06 
1400 1.02504E-07 2.15396E-06 
1450 1.02348E-07 2.14915E-06 
1500 1.02431E-07 2.14338E-06 
1550 1.02620E-07 2.13843E-06 
1600 1.02606E-07 2.13241E-06 
1650 1.02642E-07 2.12831E-06 
1700 1.02733E-07 2.12271E-06 
1750 1.02882E-07 2.11859E-06 
1800 1.02857E-07 2.11559E-06 
1850 1.03025E-07 2.11165E-06 
1900 1.03090E-07 2.10848E-06 
1950 1.03031E-07 2.10742E-06 
2000 1.03131E-07 2.10390E-06 
