800 8.64005E-04 1.55317E-02 
850 8.55001E-04 1.52474E-02 
900 8.44189E-04 1.49851E-02 
950 8.33155E-04 1.47419E-02 
1000 8.23382E-04 1.44828E-02 
1050 8.13581E-04 1.42431E-02 
1100 8.02274E-04 1.39881E-02 
1150 7.90734E-04 1.37506E-02 
1200 7.80799E-04 1.35047E-02 
1250 7.70709E-04 1.32878E-02 
1300 7.59813E-04 1.30733E-02 
1350 7.49340E-04 1.28470E-02 
1400 7.39458E-04 1.26218E-02 
1450 7.29234E-04 1.24162E-02 
1500 7.18707E-04 1.21978E-02 
1550 7.08288E-04 1.19945E-02 
1600 6.97896E-04 1.17828E-02 
1650 6.86634E-04 1.15823E-02 
1700 6.76904E-04 1.13731E-02 
1750 6.66591E-04 1.11747E-02 
1800 6.54969E-04 1.09782E-02 
1850 6.44906E-04 1.07857E-02 
1900 6.35086E-04 1.05944E-02 
1950 6.23400E-04 1.04160E-02 
2000 6.13361E-04 1.02221E-02 
