800 1.41681E+02 5.64438E+01 
850 1.42231E+02 5.70682E+01 
900 1.42387E+02 5.77357E+01 
950 1.43099E+02 5.84116E+01 
1000 1.43213E+02 5.90835E+01 
1050 1.43337E+02 5.98012E+01 
1100 1.43455E+02 6.05144E+01 
1150 1.43744E+02 6.09349E+01 
1200 1.44185E+02 6.16622E+01 
1250 1.44631E+02 6.24462E+01 
1300 1.45003E+02 6.32507E+01 
1350 1.45110E+02 6.39572E+01 
1400 1.45381E+02 6.46867E+01 
1450 1.45725E+02 6.54635E+01 
1500 1.45753E+02 6.60896E+01 
1550 1.45969E+02 6.68250E+01 
1600 1.46470E+02 6.74813E+01 
1650 1.46921E+02 6.83583E+01 
1700 1.47084E+02 6.91837E+01 
1750 1.47495E+02 6.95027E+01 
1800 1.47918E+02 7.06187E+01 
1850 1.48185E+02 7.10968E+01 
1900 1.48294E+02 7.19523E+01 
1950 1.48156E+02 7.26352E+01 
2000 1.48720E+02 7.32321E+01 
