800 3.25668E-03 2.91288E-02 
850 3.24064E-03 2.90725E-02 
900 3.23581E-03 2.89562E-02 
950 3.22409E-03 2.88354E-02 
1000 3.21375E-03 2.87968E-02 
1050 3.20901E-03 2.86739E-02 
1100 3.20259E-03 2.86335E-02 
1150 3.18730E-03 2.85602E-02 
1200 3.17527E-03 2.84327E-02 
1250 3.17729E-03 2.83514E-02 
1300 3.17014E-03 2.82891E-02 
1350 3.16101E-03 2.82712E-02 
1400 3.16043E-03 2.81851E-02 
1450 3.15839E-03 2.80927E-02 
1500 3.15333E-03 2.80220E-02 
1550 3.13920E-03 2.79569E-02 
1600 3.14190E-03 2.79120E-02 
1650 3.13974E-03 2.78343E-02 
1700 3.13701E-03 2.77481E-02 
1750 3.12215E-03 2.76980E-02 
1800 3.11596E-03 2.76774E-02 
1850 3.11888E-03 2.75948E-02 
1900 3.11283E-03 2.74976E-02 
1950 3.11175E-03 2.74655E-02 
2000 3.10443E-03 2.74183E-02 
