800 8.10735E-03 7.24641E-02 
850 8.06744E-03 7.23240E-02 
900 8.05550E-03 7.20347E-02 
950 8.02628E-03 7.17342E-02 
1000 8.00050E-03 7.16382E-02 
1050 7.98877E-03 7.13324E-02 
1100 7.97282E-03 7.12320E-02 
1150 7.93477E-03 7.10494E-02 
1200 7.90484E-03 7.07324E-02 
1250 7.90983E-03 7.05300E-02 
1300 7.89213E-03 7.03750E-02 
1350 7.86934E-03 7.03306E-02 
1400 7.86798E-03 7.01164E-02 
1450 7.86282E-03 6.98865E-02 
1500 7.85028E-03 6.97106E-02 
1550 7.81512E-03 6.95486E-02 
1600 7.82184E-03 6.94371E-02 
1650 7.81653E-03 6.92437E-02 
1700 7.80980E-03 6.90292E-02 
1750 7.77279E-03 6.89046E-02 
1800 7.75741E-03 6.88532E-02 
1850 7.76465E-03 6.86479E-02 
1900 7.74961E-03 6.84060E-02 
1950 7.74687E-03 6.83262E-02 
2000 7.72865E-03 6.82088E-02 
