800 3.92045E-01 1.07017E-03 3.78619E-03 4.45867E-01 
850 3.91936E-01 1.04084E-03 3.77375E-03 4.45803E-01 
900 3.91709E-01 1.04687E-03 3.78941E-03 4.45743E-01 
950 3.91718E-01 1.04531E-03 3.80874E-03 4.45685E-01 
1000 3.91679E-01 1.04160E-03 3.80807E-03 4.45629E-01 
1050 3.91586E-01 1.03036E-03 3.82756E-03 4.45599E-01 
1100 3.91444E-01 1.03272E-03 3.84217E-03 4.45548E-01 
1150 3.91303E-01 1.03560E-03 3.84519E-03 4.45463E-01 
1200 3.91216E-01 1.02946E-03 3.86027E-03 4.45434E-01 
1250 3.91133E-01 1.02006E-03 3.87010E-03 4.45406E-01 
1300 3.91048E-01 1.04308E-03 3.89538E-03 4.45357E-01 
1350 3.90980E-01 1.03514E-03 3.91864E-03 4.45317E-01 
1400 3.90994E-01 1.02860E-03 3.92383E-03 4.45292E-01 
1450 3.90657E-01 1.03884E-03 3.95237E-03 4.45216E-01 
1500 3.90601E-01 1.03302E-03 3.96003E-03 4.45221E-01 
1550 3.90647E-01 1.03609E-03 3.97942E-03 4.45161E-01 
