800 1.77673E-03 2.17702E-03 
850 1.77289E-03 2.15293E-03 
900 1.76875E-03 2.20821E-03 
950 1.75914E-03 2.19367E-03 
1000 1.76724E-03 2.20485E-03 
1050 1.75840E-03 2.18879E-03 
1100 1.75414E-03 2.15914E-03 
1150 1.75517E-03 2.19452E-03 
1200 1.75876E-03 2.19388E-03 
1250 1.75480E-03 2.22039E-03 
1300 1.74499E-03 2.24942E-03 
1350 1.74483E-03 2.22240E-03 
1400 1.75307E-03 2.24898E-03 
1450 1.74000E-03 2.26167E-03 
1500 1.74860E-03 2.25991E-03 
1550 1.74432E-03 2.22933E-03 
1600 1.74783E-03 2.22464E-03 
1650 1.76223E-03 2.27914E-03 
1700 1.74938E-03 2.27612E-03 
1750 1.74600E-03 2.26226E-03 
1800 1.75569E-03 2.26221E-03 
1850 1.75569E-03 2.30150E-03 
1900 1.75888E-03 2.32520E-03 
1950 1.75823E-03 2.30711E-03 
2000 1.76134E-03 2.30760E-03 
