800 3.80107E-03 1.23425E-03 
850 3.78854E-03 1.20428E-03 
900 3.80446E-03 1.20949E-03 
950 3.82376E-03 1.20749E-03 
1000 3.82281E-03 1.20324E-03 
1050 3.84290E-03 1.19149E-03 
1100 3.85736E-03 1.19322E-03 
1150 3.85993E-03 1.19560E-03 
1200 3.87527E-03 1.18885E-03 
1250 3.88521E-03 1.17923E-03 
1300 3.91049E-03 1.20182E-03 
1350 3.93377E-03 1.19350E-03 
1400 3.93904E-03 1.18657E-03 
1450 3.96747E-03 1.19632E-03 
1500 3.97492E-03 1.19015E-03 
1550 3.99438E-03 1.19306E-03 
1600 4.00742E-03 1.18352E-03 
1650 4.02102E-03 1.18031E-03 
1700 4.04804E-03 1.18178E-03 
1750 4.05223E-03 1.18564E-03 
1800 4.07573E-03 1.19602E-03 
1850 4.08639E-03 1.18265E-03 
1900 4.11508E-03 1.17985E-03 
1950 4.12420E-03 1.16817E-03 
2000 4.14440E-03 1.19298E-03 
