800 3.87968E-01 2.03339E-03 1.76296E-03 4.42985E-01 
850 3.87882E-01 2.00982E-03 1.75932E-03 4.42988E-01 
900 3.87967E-01 2.06554E-03 1.75493E-03 4.42860E-01 
950 3.87801E-01 2.05152E-03 1.74510E-03 4.42823E-01 
1000 3.87862E-01 2.06304E-03 1.75315E-03 4.42798E-01 
1050 3.87779E-01 2.04756E-03 1.74423E-03 4.42735E-01 
1100 3.87728E-01 2.01805E-03 1.74049E-03 4.42760E-01 
1150 3.87738E-01 2.05360E-03 1.74152E-03 4.42656E-01 
1200 3.87643E-01 2.05382E-03 1.74524E-03 4.42622E-01 
1250 3.87617E-01 2.08040E-03 1.74135E-03 4.42564E-01 
1300 3.87585E-01 2.10956E-03 1.73100E-03 4.42503E-01 
1350 3.87461E-01 2.08271E-03 1.73114E-03 4.42527E-01 
1400 3.87489E-01 2.10973E-03 1.73918E-03 4.42452E-01 
1450 3.87579E-01 2.12309E-03 1.72622E-03 4.42391E-01 
1500 3.87525E-01 2.12159E-03 1.73469E-03 4.42306E-01 
1550 3.87384E-01 2.09126E-03 1.73037E-03 4.42353E-01 
1600 3.87473E-01 2.08678E-03 1.73419E-03 4.42326E-01 
1650 3.87447E-01 2.14148E-03 1.74847E-03 4.42233E-01 
1700 3.87435E-01 2.13900E-03 1.73562E-03 4.42198E-01 
1750 3.87354E-01 2.12543E-03 1.73217E-03 4.42182E-01 
1800 3.87236E-01 2.12536E-03 1.74215E-03 4.42204E-01 
1850 3.87382E-01 2.16513E-03 1.74188E-03 4.42114E-01 
1900 3.87354E-01 2.18909E-03 1.74509E-03 4.42038E-01 
1950 3.87264E-01 2.17134E-03 1.74449E-03 4.42041E-01 
2000 3.87239E-01 2.17200E-03 1.74765E-03 4.42019E-01 
