800 6.33211E+01 2.41134E+01 
850 6.35957E+01 2.44229E+01 
900 6.36939E+01 2.46971E+01 
950 6.39496E+01 2.50086E+01 
1000 6.39698E+01 2.52747E+01 
1050 6.40509E+01 2.55703E+01 
1100 6.41226E+01 2.59168E+01 
1150 6.43189E+01 2.60978E+01 
1200 6.44784E+01 2.64261E+01 
1250 6.47149E+01 2.67393E+01 
1300 6.49037E+01 2.70264E+01 
1350 6.49369E+01 2.73726E+01 
1400 6.49827E+01 2.76916E+01 
1450 6.51641E+01 2.80344E+01 
1500 6.51552E+01 2.83058E+01 
1550 6.53493E+01 2.86406E+01 
1600 6.55388E+01 2.89564E+01 
1650 6.57746E+01 2.92673E+01 
1700 6.57917E+01 2.96947E+01 
1750 6.59858E+01 2.98205E+01 
1800 6.62130E+01 3.02776E+01 
1850 6.63261E+01 3.05670E+01 
1900 6.64364E+01 3.08447E+01 
1950 6.64010E+01 3.11652E+01 
2000 6.65411E+01 3.14125E+01 
