800 0.00000E+00 0.00000E+00 
850 0.00000E+00 0.00000E+00 
900 0.00000E+00 0.00000E+00 
950 0.00000E+00 0.00000E+00 
1000 0.00000E+00 0.00000E+00 
1050 0.00000E+00 0.00000E+00 
1100 0.00000E+00 0.00000E+00 
1150 0.00000E+00 0.00000E+00 
1200 0.00000E+00 0.00000E+00 
1250 0.00000E+00 0.00000E+00 
1300 0.00000E+00 0.00000E+00 
1350 0.00000E+00 0.00000E+00 
1400 0.00000E+00 0.00000E+00 
1450 0.00000E+00 0.00000E+00 
1500 0.00000E+00 0.00000E+00 
1550 0.00000E+00 0.00000E+00 
1600 0.00000E+00 0.00000E+00 
1650 0.00000E+00 0.00000E+00 
1700 0.00000E+00 0.00000E+00 
1750 0.00000E+00 0.00000E+00 
1800 0.00000E+00 0.00000E+00 
1850 0.00000E+00 0.00000E+00 
1900 0.00000E+00 0.00000E+00 
1950 0.00000E+00 0.00000E+00 
2000 0.00000E+00 0.00000E+00 
