800 800 1.77673E-03 2.17702E-03 
800 850 1.76953E-03 2.14474E-03 
800 900 1.77883E-03 2.18479E-03 
800 950 1.77623E-03 2.18613E-03 
800 1000 1.77960E-03 2.17533E-03 
800 1050 1.77176E-03 2.20760E-03 
800 1100 1.77354E-03 2.18327E-03 
800 1150 1.77025E-03 2.13616E-03 
800 1200 1.76697E-03 2.15617E-03 
800 1250 1.77902E-03 2.12781E-03 
800 1300 1.77806E-03 2.11461E-03 
800 1350 1.77823E-03 2.20316E-03 
800 1400 1.77812E-03 2.17013E-03 
800 1450 1.76103E-03 2.16249E-03 
800 1500 1.76612E-03 2.16117E-03 
800 1550 1.77862E-03 2.18207E-03 
800 1600 1.77454E-03 2.13811E-03 
800 1650 1.76895E-03 2.14864E-03 
800 1700 1.77097E-03 2.17919E-03 
800 1750 1.77324E-03 2.17549E-03 
800 1800 1.77616E-03 2.20877E-03 
800 1850 1.77070E-03 2.15488E-03 
800 1900 1.76685E-03 2.15867E-03 
800 1950 1.77630E-03 2.15876E-03 
800 2000 1.77235E-03 2.13209E-03 
800 2050 1.77695E-03 2.16426E-03 
850 800 1.77928E-03 2.20078E-03 
850 850 1.77289E-03 2.15293E-03 
850 900 1.77020E-03 2.16649E-03 
850 950 1.77606E-03 2.15721E-03 
850 1000 1.76755E-03 2.18300E-03 
850 1050 1.76909E-03 2.20618E-03 
850 1100 1.76873E-03 2.16603E-03 
850 1150 1.77627E-03 2.19642E-03 
850 1200 1.76289E-03 2.17660E-03 
850 1250 1.77473E-03 2.20600E-03 
850 1300 1.77554E-03 2.20603E-03 
850 1350 1.77988E-03 2.15830E-03 
850 1400 1.77082E-03 2.19827E-03 
850 1450 1.76656E-03 2.19076E-03 
850 1500 1.77854E-03 2.16020E-03 
850 1550 1.76538E-03 2.18808E-03 
850 1600 1.76219E-03 2.19990E-03 
850 1650 1.77427E-03 2.17891E-03 
850 1700 1.77038E-03 2.18808E-03 
850 1750 1.76704E-03 2.15180E-03 
850 1800 1.76326E-03 2.16577E-03 
850 1850 1.76533E-03 2.18812E-03 
850 1900 1.76504E-03 2.14537E-03 
850 1950 1.76267E-03 2.16804E-03 
850 2000 1.77070E-03 2.18524E-03 
850 2050 1.77059E-03 2.15649E-03 
900 800 1.76579E-03 2.19474E-03 
900 850 1.76809E-03 2.17243E-03 
900 900 1.76875E-03 2.20821E-03 
900 950 1.76776E-03 2.16921E-03 
900 1000 1.76942E-03 2.19675E-03 
900 1050 1.77609E-03 2.19185E-03 
900 1100 1.76737E-03 2.16768E-03 
900 1150 1.77544E-03 2.20120E-03 
900 1200 1.77026E-03 2.19033E-03 
900 1250 1.75951E-03 2.13812E-03 
900 1300 1.76824E-03 2.17044E-03 
900 1350 1.76356E-03 2.19527E-03 
900 1400 1.75564E-03 2.16519E-03 
900 1450 1.77378E-03 2.18995E-03 
900 1500 1.77505E-03 2.19015E-03 
900 1550 1.77475E-03 2.17346E-03 
900 1600 1.76037E-03 2.16147E-03 
900 1650 1.77041E-03 2.19354E-03 
900 1700 1.76343E-03 2.16383E-03 
900 1750 1.76361E-03 2.19185E-03 
900 1800 1.77243E-03 2.18752E-03 
900 1850 1.76038E-03 2.20906E-03 
900 1900 1.76477E-03 2.15140E-03 
900 1950 1.77064E-03 2.20153E-03 
900 2000 1.76329E-03 2.17265E-03 
900 2050 1.76694E-03 2.17658E-03 
950 800 1.76049E-03 2.12879E-03 
950 850 1.76436E-03 2.20485E-03 
950 900 1.76184E-03 2.17074E-03 
950 950 1.75914E-03 2.19367E-03 
950 1000 1.76297E-03 2.15797E-03 
950 1050 1.76811E-03 2.18564E-03 
950 1100 1.76438E-03 2.24044E-03 
950 1150 1.77173E-03 2.15607E-03 
950 1200 1.76295E-03 2.18717E-03 
950 1250 1.75022E-03 2.16288E-03 
950 1300 1.76114E-03 2.19806E-03 
950 1350 1.76280E-03 2.21666E-03 
950 1400 1.76749E-03 2.17581E-03 
950 1450 1.75963E-03 2.16212E-03 
950 1500 1.76084E-03 2.17241E-03 
950 1550 1.75286E-03 2.19345E-03 
950 1600 1.75968E-03 2.17253E-03 
950 1650 1.76100E-03 2.19626E-03 
950 1700 1.75515E-03 2.13833E-03 
950 1750 1.76181E-03 2.17115E-03 
950 1800 1.76362E-03 2.19642E-03 
950 1850 1.75938E-03 2.19047E-03 
950 1900 1.76233E-03 2.22194E-03 
950 1950 1.75756E-03 2.18654E-03 
950 2000 1.75520E-03 2.17498E-03 
950 2050 1.76470E-03 2.16038E-03 
1000 800 1.75696E-03 2.15940E-03 
1000 850 1.76573E-03 2.20190E-03 
1000 900 1.75654E-03 2.23359E-03 
1000 950 1.75556E-03 2.14971E-03 
1000 1000 1.76724E-03 2.20485E-03 
1000 1050 1.76796E-03 2.19489E-03 
1000 1100 1.75278E-03 2.18972E-03 
1000 1150 1.76432E-03 2.18218E-03 
1000 1200 1.76173E-03 2.16204E-03 
1000 1250 1.76305E-03 2.19573E-03 
1000 1300 1.76355E-03 2.17781E-03 
1000 1350 1.77430E-03 2.19341E-03 
1000 1400 1.75581E-03 2.20352E-03 
1000 1450 1.75610E-03 2.20554E-03 
1000 1500 1.77031E-03 2.22869E-03 
1000 1550 1.76599E-03 2.18893E-03 
1000 1600 1.75818E-03 2.17676E-03 
1000 1650 1.75799E-03 2.20594E-03 
1000 1700 1.74451E-03 2.15520E-03 
1000 1750 1.76426E-03 2.21645E-03 
1000 1800 1.75652E-03 2.19883E-03 
1000 1850 1.76050E-03 2.18366E-03 
1000 1900 1.76209E-03 2.19098E-03 
1000 1950 1.75881E-03 2.19124E-03 
1000 2000 1.75949E-03 2.18625E-03 
1000 2050 1.75734E-03 2.17439E-03 
1050 800 1.75212E-03 2.15683E-03 
1050 850 1.74750E-03 2.21411E-03 
1050 900 1.76090E-03 2.18747E-03 
1050 950 1.76907E-03 2.15072E-03 
1050 1000 1.76658E-03 2.22201E-03 
1050 1050 1.75840E-03 2.18879E-03 
1050 1100 1.76143E-03 2.14458E-03 
1050 1150 1.75399E-03 2.18251E-03 
1050 1200 1.75013E-03 2.18140E-03 
1050 1250 1.75480E-03 2.15947E-03 
1050 1300 1.75527E-03 2.16524E-03 
1050 1350 1.75539E-03 2.16116E-03 
1050 1400 1.75740E-03 2.24531E-03 
1050 1450 1.75180E-03 2.17827E-03 
1050 1500 1.76202E-03 2.21897E-03 
1050 1550 1.75743E-03 2.17098E-03 
1050 1600 1.74948E-03 2.16929E-03 
1050 1650 1.76815E-03 2.19829E-03 
1050 1700 1.76143E-03 2.18382E-03 
1050 1750 1.75865E-03 2.21538E-03 
1050 1800 1.75627E-03 2.19660E-03 
1050 1850 1.75724E-03 2.16902E-03 
1050 1900 1.76177E-03 2.19380E-03 
1050 1950 1.75379E-03 2.17960E-03 
1050 2000 1.75010E-03 2.20999E-03 
1050 2050 1.75412E-03 2.19130E-03 
1100 800 1.75514E-03 2.19477E-03 
1100 850 1.76103E-03 2.20860E-03 
1100 900 1.75604E-03 2.23415E-03 
1100 950 1.76034E-03 2.16563E-03 
1100 1000 1.75379E-03 2.14712E-03 
1100 1050 1.75618E-03 2.16552E-03 
1100 1100 1.75414E-03 2.15914E-03 
1100 1150 1.75625E-03 2.20324E-03 
1100 1200 1.75207E-03 2.18754E-03 
1100 1250 1.75633E-03 2.20079E-03 
1100 1300 1.75604E-03 2.21514E-03 
1100 1350 1.75843E-03 2.21436E-03 
1100 1400 1.75370E-03 2.18709E-03 
1100 1450 1.74620E-03 2.21390E-03 
1100 1500 1.76104E-03 2.20555E-03 
1100 1550 1.75853E-03 2.19558E-03 
1100 1600 1.76009E-03 2.24117E-03 
1100 1650 1.75362E-03 2.18152E-03 
1100 1700 1.75409E-03 2.18999E-03 
1100 1750 1.76001E-03 2.18415E-03 
1100 1800 1.74575E-03 2.18833E-03 
1100 1850 1.75335E-03 2.19259E-03 
1100 1900 1.75718E-03 2.23789E-03 
1100 1950 1.75926E-03 2.20072E-03 
1100 2000 1.75050E-03 2.19377E-03 
1100 2050 1.75214E-03 2.21269E-03 
1150 800 1.75704E-03 2.20353E-03 
1150 850 1.75342E-03 2.18329E-03 
1150 900 1.76008E-03 2.19799E-03 
1150 950 1.76618E-03 2.19385E-03 
1150 1000 1.76201E-03 2.20285E-03 
1150 1050 1.76773E-03 2.20323E-03 
1150 1100 1.75635E-03 2.23965E-03 
1150 1150 1.75517E-03 2.19452E-03 
1150 1200 1.75078E-03 2.21213E-03 
1150 1250 1.75822E-03 2.22338E-03 
1150 1300 1.74425E-03 2.21265E-03 
1150 1350 1.76302E-03 2.17171E-03 
1150 1400 1.75229E-03 2.19425E-03 
1150 1450 1.75510E-03 2.18812E-03 
1150 1500 1.75075E-03 2.22791E-03 
1150 1550 1.75772E-03 2.18766E-03 
1150 1600 1.74849E-03 2.14360E-03 
1150 1650 1.75679E-03 2.18691E-03 
1150 1700 1.74823E-03 2.20253E-03 
1150 1750 1.75863E-03 2.18094E-03 
1150 1800 1.75758E-03 2.18769E-03 
1150 1850 1.74322E-03 2.18654E-03 
1150 1900 1.75604E-03 2.19794E-03 
1150 1950 1.75102E-03 2.20084E-03 
1150 2000 1.74661E-03 2.23350E-03 
1150 2050 1.74856E-03 2.22632E-03 
1200 800 1.74781E-03 2.21180E-03 
1200 850 1.74376E-03 2.20778E-03 
1200 900 1.75728E-03 2.24819E-03 
1200 950 1.75460E-03 2.19465E-03 
1200 1000 1.75488E-03 2.19271E-03 
1200 1050 1.74927E-03 2.25094E-03 
1200 1100 1.75259E-03 2.19688E-03 
1200 1150 1.75796E-03 2.22187E-03 
1200 1200 1.75876E-03 2.19388E-03 
1200 1250 1.75223E-03 2.23669E-03 
1200 1300 1.75093E-03 2.19671E-03 
1200 1350 1.76097E-03 2.20317E-03 
1200 1400 1.74827E-03 2.20818E-03 
1200 1450 1.75068E-03 2.19503E-03 
1200 1500 1.75385E-03 2.21508E-03 
1200 1550 1.75495E-03 2.22343E-03 
1200 1600 1.74924E-03 2.17960E-03 
1200 1650 1.75250E-03 2.22441E-03 
1200 1700 1.75368E-03 2.18635E-03 
1200 1750 1.74905E-03 2.20611E-03 
1200 1800 1.75592E-03 2.18439E-03 
1200 1850 1.75280E-03 2.19716E-03 
1200 1900 1.75098E-03 2.20649E-03 
1200 1950 1.74725E-03 2.21080E-03 
1200 2000 1.74650E-03 2.18268E-03 
1200 2050 1.75051E-03 2.24175E-03 
1250 800 1.74574E-03 2.16234E-03 
1250 850 1.74962E-03 2.23313E-03 
1250 900 1.75529E-03 2.28021E-03 
1250 950 1.75306E-03 2.21731E-03 
1250 1000 1.73996E-03 2.23734E-03 
1250 1050 1.74922E-03 2.20407E-03 
1250 1100 1.74938E-03 2.23869E-03 
1250 1150 1.75490E-03 2.19295E-03 
1250 1200 1.74881E-03 2.22051E-03 
1250 1250 1.75480E-03 2.22039E-03 
1250 1300 1.75153E-03 2.18560E-03 
1250 1350 1.75835E-03 2.18040E-03 
1250 1400 1.75101E-03 2.20476E-03 
1250 1450 1.74523E-03 2.19476E-03 
1250 1500 1.74243E-03 2.20122E-03 
1250 1550 1.74992E-03 2.21136E-03 
1250 1600 1.74575E-03 2.21335E-03 
1250 1650 1.74850E-03 2.22252E-03 
1250 1700 1.75808E-03 2.22045E-03 
1250 1750 1.75002E-03 2.23125E-03 
1250 1800 1.74442E-03 2.20807E-03 
1250 1850 1.74198E-03 2.17663E-03 
1250 1900 1.74892E-03 2.18431E-03 
1250 1950 1.74143E-03 2.18580E-03 
1250 2000 1.74000E-03 2.18988E-03 
1250 2050 1.75724E-03 2.22717E-03 
1300 800 1.73999E-03 2.17226E-03 
1300 850 1.75294E-03 2.24515E-03 
1300 900 1.75291E-03 2.22857E-03 
1300 950 1.75744E-03 2.20354E-03 
1300 1000 1.75570E-03 2.17448E-03 
1300 1050 1.75533E-03 2.23270E-03 
1300 1100 1.75487E-03 2.26530E-03 
1300 1150 1.75329E-03 2.17910E-03 
1300 1200 1.74965E-03 2.17719E-03 
1300 1250 1.74513E-03 2.21832E-03 
1300 1300 1.74499E-03 2.24942E-03 
1300 1350 1.74832E-03 2.21293E-03 
1300 1400 1.75647E-03 2.22439E-03 
1300 1450 1.74265E-03 2.23164E-03 
1300 1500 1.74874E-03 2.25888E-03 
1300 1550 1.75023E-03 2.23734E-03 
1300 1600 1.74629E-03 2.20908E-03 
1300 1650 1.74764E-03 2.19930E-03 
1300 1700 1.76059E-03 2.23486E-03 
1300 1750 1.74743E-03 2.20973E-03 
1300 1800 1.75526E-03 2.24363E-03 
1300 1850 1.74709E-03 2.20049E-03 
1300 1900 1.74756E-03 2.20391E-03 
1300 1950 1.75245E-03 2.19830E-03 
1300 2000 1.74386E-03 2.22359E-03 
1300 2050 1.74912E-03 2.21108E-03 
1350 800 1.74489E-03 2.25383E-03 
1350 850 1.75631E-03 2.23435E-03 
1350 900 1.74669E-03 2.23660E-03 
1350 950 1.75708E-03 2.24107E-03 
1350 1000 1.74537E-03 2.26312E-03 
1350 1050 1.75229E-03 2.24305E-03 
1350 1100 1.74911E-03 2.24665E-03 
1350 1150 1.73750E-03 2.21576E-03 
1350 1200 1.75790E-03 2.26144E-03 
1350 1250 1.76006E-03 2.26425E-03 
1350 1300 1.74586E-03 2.25213E-03 
1350 1350 1.74483E-03 2.22240E-03 
1350 1400 1.74883E-03 2.22655E-03 
1350 1450 1.75350E-03 2.19766E-03 
1350 1500 1.74854E-03 2.19849E-03 
1350 1550 1.74237E-03 2.21046E-03 
1350 1600 1.74136E-03 2.21690E-03 
1350 1650 1.74685E-03 2.19196E-03 
1350 1700 1.74170E-03 2.20701E-03 
1350 1750 1.74583E-03 2.23858E-03 
1350 1800 1.74792E-03 2.21236E-03 
1350 1850 1.74464E-03 2.21950E-03 
1350 1900 1.74200E-03 2.20593E-03 
1350 1950 1.74008E-03 2.21929E-03 
1350 2000 1.74971E-03 2.23773E-03 
1350 2050 1.73861E-03 2.22095E-03 
1400 800 1.75037E-03 2.24814E-03 
1400 850 1.75750E-03 2.28082E-03 
1400 900 1.73921E-03 2.21729E-03 
1400 950 1.74582E-03 2.24826E-03 
1400 1000 1.74169E-03 2.22811E-03 
1400 1050 1.75650E-03 2.26879E-03 
1400 1100 1.74180E-03 2.19790E-03 
1400 1150 1.74663E-03 2.22474E-03 
1400 1200 1.74259E-03 2.18521E-03 
1400 1250 1.75244E-03 2.26455E-03 
1400 1300 1.74502E-03 2.19745E-03 
1400 1350 1.75375E-03 2.20732E-03 
1400 1400 1.75307E-03 2.24898E-03 
1400 1450 1.74841E-03 2.21980E-03 
1400 1500 1.75046E-03 2.26404E-03 
1400 1550 1.74872E-03 2.21942E-03 
1400 1600 1.75273E-03 2.22726E-03 
1400 1650 1.75123E-03 2.24091E-03 
1400 1700 1.74135E-03 2.20699E-03 
1400 1750 1.74267E-03 2.22861E-03 
1400 1800 1.74887E-03 2.23725E-03 
1400 1850 1.74265E-03 2.21124E-03 
1400 1900 1.73932E-03 2.28018E-03 
1400 1950 1.74960E-03 2.23378E-03 
1400 2000 1.74472E-03 2.21576E-03 
1400 2050 1.74626E-03 2.22687E-03 
1450 800 1.75920E-03 2.22314E-03 
1450 850 1.74036E-03 2.22417E-03 
1450 900 1.74754E-03 2.27176E-03 
1450 950 1.75815E-03 2.26000E-03 
1450 1000 1.74580E-03 2.22572E-03 
1450 1050 1.74486E-03 2.19613E-03 
1450 1100 1.74651E-03 2.22855E-03 
1450 1150 1.74873E-03 2.27205E-03 
1450 1200 1.75277E-03 2.24119E-03 
1450 1250 1.74578E-03 2.21940E-03 
1450 1300 1.74591E-03 2.26800E-03 
1450 1350 1.75280E-03 2.23013E-03 
1450 1400 1.75055E-03 2.20274E-03 
1450 1450 1.74000E-03 2.26167E-03 
1450 1500 1.75075E-03 2.21891E-03 
1450 1550 1.74450E-03 2.20604E-03 
1450 1600 1.73799E-03 2.21741E-03 
1450 1650 1.75266E-03 2.23015E-03 
1450 1700 1.74722E-03 2.24598E-03 
1450 1750 1.74254E-03 2.22607E-03 
1450 1800 1.74790E-03 2.27171E-03 
1450 1850 1.74483E-03 2.21271E-03 
1450 1900 1.74597E-03 2.23523E-03 
1450 1950 1.75139E-03 2.23048E-03 
1450 2000 1.74605E-03 2.23569E-03 
1450 2050 1.74756E-03 2.25332E-03 
1500 800 1.75307E-03 2.23044E-03 
1500 850 1.75107E-03 2.22850E-03 
1500 900 1.74836E-03 2.24403E-03 
1500 950 1.75533E-03 2.22939E-03 
1500 1000 1.74701E-03 2.23538E-03 
1500 1050 1.74727E-03 2.27685E-03 
1500 1100 1.75234E-03 2.27221E-03 
1500 1150 1.75289E-03 2.23084E-03 
1500 1200 1.74814E-03 2.21626E-03 
1500 1250 1.75013E-03 2.28604E-03 
1500 1300 1.75496E-03 2.21085E-03 
1500 1350 1.74524E-03 2.22466E-03 
1500 1400 1.74701E-03 2.24752E-03 
1500 1450 1.74473E-03 2.28015E-03 
1500 1500 1.74860E-03 2.25991E-03 
1500 1550 1.75119E-03 2.25805E-03 
1500 1600 1.74587E-03 2.23702E-03 
1500 1650 1.75540E-03 2.24972E-03 
1500 1700 1.74893E-03 2.19486E-03 
1500 1750 1.75057E-03 2.20327E-03 
1500 1800 1.73715E-03 2.25165E-03 
1500 1850 1.74703E-03 2.25561E-03 
1500 1900 1.74701E-03 2.25741E-03 
1500 1950 1.75165E-03 2.25547E-03 
1500 2000 1.74240E-03 2.22229E-03 
1500 2050 1.74926E-03 2.23478E-03 
1550 800 1.74741E-03 2.24967E-03 
1550 850 1.74169E-03 2.23576E-03 
1550 900 1.74713E-03 2.26908E-03 
1550 950 1.75503E-03 2.25965E-03 
1550 1000 1.75217E-03 2.23137E-03 
1550 1050 1.75473E-03 2.23108E-03 
1550 1100 1.75002E-03 2.26208E-03 
1550 1150 1.75042E-03 2.25256E-03 
1550 1200 1.73970E-03 2.25692E-03 
1550 1250 1.75195E-03 2.22394E-03 
1550 1300 1.75350E-03 2.26479E-03 
1550 1350 1.74675E-03 2.22704E-03 
1550 1400 1.75061E-03 2.23501E-03 
1550 1450 1.74991E-03 2.24480E-03 
1550 1500 1.73429E-03 2.19189E-03 
1550 1550 1.74432E-03 2.22933E-03 
1550 1600 1.75111E-03 2.25835E-03 
1550 1650 1.73855E-03 2.24813E-03 
1550 1700 1.75209E-03 2.27653E-03 
1550 1750 1.74738E-03 2.26479E-03 
1550 1800 1.74058E-03 2.25136E-03 
1550 1850 1.73454E-03 2.23057E-03 
1550 1900 1.74526E-03 2.24863E-03 
1550 1950 1.75052E-03 2.27413E-03 
1550 2000 1.74653E-03 2.25233E-03 
1550 2050 1.74125E-03 2.26146E-03 
1600 800 1.74748E-03 2.25407E-03 
1600 850 1.75007E-03 2.25523E-03 
1600 900 1.75819E-03 2.21863E-03 
1600 950 1.75696E-03 2.25445E-03 
1600 1000 1.76082E-03 2.26284E-03 
1600 1050 1.74926E-03 2.22047E-03 
1600 1100 1.75274E-03 2.22590E-03 
1600 1150 1.75490E-03 2.27174E-03 
1600 1200 1.74736E-03 2.27864E-03 
1600 1250 1.75454E-03 2.27443E-03 
1600 1300 1.74311E-03 2.28279E-03 
1600 1350 1.75213E-03 2.24874E-03 
1600 1400 1.74364E-03 2.24458E-03 
1600 1450 1.74789E-03 2.24909E-03 
1600 1500 1.74410E-03 2.20462E-03 
1600 1550 1.74852E-03 2.27482E-03 
1600 1600 1.74783E-03 2.22464E-03 
1600 1650 1.74399E-03 2.22379E-03 
1600 1700 1.74810E-03 2.24845E-03 
1600 1750 1.74983E-03 2.26874E-03 
1600 1800 1.74541E-03 2.23391E-03 
1600 1850 1.74658E-03 2.27355E-03 
1600 1900 1.74989E-03 2.28640E-03 
1600 1950 1.75396E-03 2.24177E-03 
1600 2000 1.73618E-03 2.24978E-03 
1600 2050 1.74378E-03 2.26934E-03 
1650 800 1.75691E-03 2.28642E-03 
1650 850 1.74630E-03 2.24938E-03 
1650 900 1.74973E-03 2.25964E-03 
1650 950 1.75433E-03 2.24105E-03 
1650 1000 1.75146E-03 2.30681E-03 
1650 1050 1.74765E-03 2.27380E-03 
1650 1100 1.75216E-03 2.26747E-03 
1650 1150 1.75568E-03 2.26316E-03 
1650 1200 1.75230E-03 2.26313E-03 
1650 1250 1.75012E-03 2.27460E-03 
1650 1300 1.74507E-03 2.25424E-03 
1650 1350 1.75394E-03 2.28294E-03 
1650 1400 1.75584E-03 2.28831E-03 
1650 1450 1.74477E-03 2.25028E-03 
1650 1500 1.74888E-03 2.24764E-03 
1650 1550 1.74951E-03 2.28749E-03 
1650 1600 1.74206E-03 2.23591E-03 
1650 1650 1.76223E-03 2.27914E-03 
1650 1700 1.74439E-03 2.27184E-03 
1650 1750 1.74787E-03 2.27561E-03 
1650 1800 1.75015E-03 2.28762E-03 
1650 1850 1.74663E-03 2.23703E-03 
1650 1900 1.75282E-03 2.25689E-03 
1650 1950 1.73724E-03 2.24423E-03 
1650 2000 1.74492E-03 2.23161E-03 
1650 2050 1.74483E-03 2.27124E-03 
1700 800 1.74221E-03 2.23518E-03 
1700 850 1.75139E-03 2.24481E-03 
1700 900 1.74701E-03 2.24075E-03 
1700 950 1.75633E-03 2.26480E-03 
1700 1000 1.75435E-03 2.27699E-03 
1700 1050 1.75144E-03 2.24643E-03 
1700 1100 1.75620E-03 2.27534E-03 
1700 1150 1.74661E-03 2.25046E-03 
1700 1200 1.74847E-03 2.26804E-03 
1700 1250 1.75547E-03 2.27353E-03 
1700 1300 1.75292E-03 2.26345E-03 
1700 1350 1.74826E-03 2.26980E-03 
1700 1400 1.75078E-03 2.25997E-03 
1700 1450 1.74787E-03 2.29931E-03 
1700 1500 1.74253E-03 2.25037E-03 
1700 1550 1.74791E-03 2.26329E-03 
1700 1600 1.75418E-03 2.29310E-03 
1700 1650 1.74569E-03 2.23463E-03 
1700 1700 1.74938E-03 2.27612E-03 
1700 1750 1.74788E-03 2.28190E-03 
1700 1800 1.74640E-03 2.28719E-03 
1700 1850 1.74858E-03 2.30109E-03 
1700 1900 1.74269E-03 2.24462E-03 
1700 1950 1.74241E-03 2.23736E-03 
1700 2000 1.74711E-03 2.25489E-03 
1700 2050 1.74374E-03 2.27629E-03 
1750 800 1.74906E-03 2.24708E-03 
1750 850 1.74682E-03 2.29148E-03 
1750 900 1.75862E-03 2.29952E-03 
1750 950 1.75443E-03 2.30964E-03 
1750 1000 1.75291E-03 2.29001E-03 
1750 1050 1.74576E-03 2.30241E-03 
1750 1100 1.75304E-03 2.27218E-03 
1750 1150 1.75749E-03 2.30232E-03 
1750 1200 1.74669E-03 2.25977E-03 
1750 1250 1.74783E-03 2.26707E-03 
1750 1300 1.74678E-03 2.25692E-03 
1750 1350 1.74448E-03 2.23860E-03 
1750 1400 1.74944E-03 2.26518E-03 
1750 1450 1.75376E-03 2.27487E-03 
1750 1500 1.75255E-03 2.27520E-03 
1750 1550 1.75077E-03 2.25342E-03 
1750 1600 1.75009E-03 2.28926E-03 
1750 1650 1.75550E-03 2.29601E-03 
1750 1700 1.75677E-03 2.26366E-03 
1750 1750 1.74600E-03 2.26226E-03 
1750 1800 1.75074E-03 2.31718E-03 
1750 1850 1.75017E-03 2.29820E-03 
1750 1900 1.74515E-03 2.26948E-03 
1750 1950 1.74604E-03 2.22884E-03 
1750 2000 1.74122E-03 2.25896E-03 
1750 2050 1.75431E-03 2.26342E-03 
1800 800 1.74472E-03 2.28819E-03 
1800 850 1.75380E-03 2.33756E-03 
1800 900 1.76286E-03 2.30171E-03 
1800 950 1.75912E-03 2.30162E-03 
1800 1000 1.75330E-03 2.27119E-03 
1800 1050 1.74695E-03 2.30111E-03 
1800 1100 1.75136E-03 2.29618E-03 
1800 1150 1.74790E-03 2.25879E-03 
1800 1200 1.75540E-03 2.30804E-03 
1800 1250 1.75036E-03 2.27487E-03 
1800 1300 1.75403E-03 2.27913E-03 
1800 1350 1.75319E-03 2.27959E-03 
1800 1400 1.74664E-03 2.26006E-03 
1800 1450 1.75098E-03 2.30059E-03 
1800 1500 1.75170E-03 2.29537E-03 
1800 1550 1.75173E-03 2.26885E-03 
1800 1600 1.75491E-03 2.27682E-03 
1800 1650 1.74976E-03 2.30951E-03 
1800 1700 1.74509E-03 2.28659E-03 
1800 1750 1.74694E-03 2.28651E-03 
1800 1800 1.75569E-03 2.26221E-03 
1800 1850 1.74410E-03 2.25844E-03 
1800 1900 1.75011E-03 2.29036E-03 
1800 1950 1.75433E-03 2.27997E-03 
1800 2000 1.74180E-03 2.27782E-03 
1800 2050 1.74583E-03 2.28446E-03 
1850 800 1.75413E-03 2.31858E-03 
1850 850 1.75848E-03 2.30440E-03 
1850 900 1.75779E-03 2.30504E-03 
1850 950 1.75824E-03 2.31471E-03 
1850 1000 1.75704E-03 2.29589E-03 
1850 1050 1.75395E-03 2.27683E-03 
1850 1100 1.75615E-03 2.33575E-03 
1850 1150 1.76107E-03 2.30833E-03 
1850 1200 1.76304E-03 2.27024E-03 
1850 1250 1.75863E-03 2.30225E-03 
1850 1300 1.75450E-03 2.28859E-03 
1850 1350 1.76336E-03 2.31273E-03 
1850 1400 1.76696E-03 2.32859E-03 
1850 1450 1.75295E-03 2.28249E-03 
1850 1500 1.75386E-03 2.31147E-03 
1850 1550 1.75306E-03 2.30823E-03 
1850 1600 1.75160E-03 2.32123E-03 
1850 1650 1.75169E-03 2.28173E-03 
1850 1700 1.75489E-03 2.31595E-03 
1850 1750 1.74660E-03 2.25928E-03 
1850 1800 1.74271E-03 2.26436E-03 
1850 1850 1.75569E-03 2.30150E-03 
1850 1900 1.75496E-03 2.25913E-03 
1850 1950 1.76194E-03 2.30379E-03 
1850 2000 1.74949E-03 2.27604E-03 
1850 2050 1.75202E-03 2.24841E-03 
1900 800 1.75887E-03 2.32343E-03 
1900 850 1.76022E-03 2.29533E-03 
1900 900 1.75778E-03 2.32067E-03 
1900 950 1.76522E-03 2.30933E-03 
1900 1000 1.75375E-03 2.32109E-03 
1900 1050 1.76012E-03 2.28516E-03 
1900 1100 1.74779E-03 2.29100E-03 
1900 1150 1.75419E-03 2.28264E-03 
1900 1200 1.76621E-03 2.32474E-03 
1900 1250 1.74642E-03 2.28149E-03 
1900 1300 1.75664E-03 2.28027E-03 
1900 1350 1.75465E-03 2.30677E-03 
1900 1400 1.76030E-03 2.30164E-03 
1900 1450 1.76466E-03 2.33563E-03 
1900 1500 1.74761E-03 2.31377E-03 
1900 1550 1.75843E-03 2.31625E-03 
1900 1600 1.75286E-03 2.26930E-03 
1900 1650 1.75886E-03 2.31044E-03 
1900 1700 1.75014E-03 2.26874E-03 
1900 1750 1.75921E-03 2.31501E-03 
1900 1800 1.75719E-03 2.30118E-03 
1900 1850 1.75429E-03 2.30889E-03 
1900 1900 1.75888E-03 2.32520E-03 
1900 1950 1.75665E-03 2.31346E-03 
1900 2000 1.74632E-03 2.27914E-03 
1900 2050 1.74926E-03 2.31985E-03 
1950 800 1.76055E-03 2.31089E-03 
1950 850 1.75638E-03 2.30153E-03 
1950 900 1.76877E-03 2.31296E-03 
1950 950 1.76150E-03 2.30232E-03 
1950 1000 1.75833E-03 2.32013E-03 
1950 1050 1.75640E-03 2.30908E-03 
1950 1100 1.75783E-03 2.35835E-03 
1950 1150 1.76797E-03 2.31630E-03 
1950 1200 1.75701E-03 2.30515E-03 
1950 1250 1.75728E-03 2.31717E-03 
1950 1300 1.76520E-03 2.34919E-03 
1950 1350 1.76156E-03 2.28861E-03 
1950 1400 1.74929E-03 2.29350E-03 
1950 1450 1.76054E-03 2.31038E-03 
1950 1500 1.75858E-03 2.32306E-03 
1950 1550 1.76344E-03 2.34301E-03 
1950 1600 1.75256E-03 2.31304E-03 
1950 1650 1.75925E-03 2.31159E-03 
1950 1700 1.76001E-03 2.29007E-03 
1950 1750 1.75171E-03 2.28940E-03 
1950 1800 1.76248E-03 2.33348E-03 
1950 1850 1.76383E-03 2.36062E-03 
1950 1900 1.76217E-03 2.34515E-03 
1950 1950 1.75823E-03 2.30711E-03 
1950 2000 1.75254E-03 2.29178E-03 
1950 2050 1.74724E-03 2.30962E-03 
2000 800 1.76344E-03 2.32127E-03 
2000 850 1.76013E-03 2.29648E-03 
2000 900 1.76792E-03 2.30906E-03 
2000 950 1.76876E-03 2.32036E-03 
2000 1000 1.75987E-03 2.30019E-03 
2000 1050 1.76134E-03 2.30730E-03 
2000 1100 1.75335E-03 2.31888E-03 
2000 1150 1.75890E-03 2.32549E-03 
2000 1200 1.75706E-03 2.34118E-03 
2000 1250 1.75939E-03 2.33073E-03 
2000 1300 1.75374E-03 2.30407E-03 
2000 1350 1.75481E-03 2.33848E-03 
2000 1400 1.76453E-03 2.29105E-03 
2000 1450 1.75803E-03 2.31715E-03 
2000 1500 1.75526E-03 2.28286E-03 
2000 1550 1.75862E-03 2.29130E-03 
2000 1600 1.75998E-03 2.31754E-03 
2000 1650 1.75798E-03 2.32472E-03 
2000 1700 1.76775E-03 2.35037E-03 
2000 1750 1.75456E-03 2.29847E-03 
2000 1800 1.75483E-03 2.33295E-03 
2000 1850 1.76275E-03 2.33282E-03 
2000 1900 1.75095E-03 2.30349E-03 
2000 1950 1.75260E-03 2.30694E-03 
2000 2000 1.76134E-03 2.30760E-03 
2000 2050 1.75557E-03 2.32701E-03 
2050 800 1.75920E-03 2.35582E-03 
2050 850 1.76207E-03 2.33698E-03 
2050 900 1.76936E-03 2.36297E-03 
2050 950 1.77011E-03 2.33011E-03 
2050 1000 1.76934E-03 2.32785E-03 
2050 1050 1.76388E-03 2.31843E-03 
2050 1100 1.76009E-03 2.29660E-03 
2050 1150 1.76289E-03 2.35366E-03 
2050 1200 1.76677E-03 2.32346E-03 
2050 1250 1.76148E-03 2.32324E-03 
2050 1300 1.75751E-03 2.31374E-03 
2050 1350 1.76430E-03 2.33131E-03 
2050 1400 1.76738E-03 2.33369E-03 
2050 1450 1.75985E-03 2.30901E-03 
2050 1500 1.76307E-03 2.32217E-03 
2050 1550 1.76142E-03 2.31468E-03 
2050 1600 1.75828E-03 2.35066E-03 
2050 1650 1.76494E-03 2.34257E-03 
2050 1700 1.75998E-03 2.35632E-03 
2050 1750 1.76880E-03 2.37509E-03 
2050 1800 1.76150E-03 2.35090E-03 
2050 1850 1.76611E-03 2.38292E-03 
2050 1900 1.75566E-03 2.31202E-03 
2050 1950 1.76625E-03 2.32429E-03 
2050 2000 1.75587E-03 2.31795E-03 
2050 2050 1.76780E-03 2.32834E-03 
