800 800 8.10735E-03 7.24641E-02 
800 850 8.08715E-03 7.23105E-02 
800 900 8.10032E-03 7.25217E-02 
800 950 8.08050E-03 7.23245E-02 
800 1000 8.09199E-03 7.24667E-02 
800 1050 8.07740E-03 7.24280E-02 
800 1100 8.10981E-03 7.23193E-02 
800 1150 8.10405E-03 7.25041E-02 
800 1200 8.09552E-03 7.23756E-02 
800 1250 8.09905E-03 7.24520E-02 
800 1300 8.11009E-03 7.24635E-02 
800 1350 8.09893E-03 7.24522E-02 
800 1400 8.09925E-03 7.24180E-02 
800 1450 8.08580E-03 7.23639E-02 
800 1500 8.09119E-03 7.23090E-02 
800 1550 8.11584E-03 7.23720E-02 
800 1600 8.09771E-03 7.24533E-02 
800 1650 8.10337E-03 7.23382E-02 
800 1700 8.11086E-03 7.24357E-02 
800 1750 8.09917E-03 7.25512E-02 
800 1800 8.08659E-03 7.24223E-02 
800 1850 8.09086E-03 7.23892E-02 
800 1900 8.08743E-03 7.24317E-02 
800 1950 8.10952E-03 7.24764E-02 
800 2000 8.11802E-03 7.24387E-02 
800 2050 8.10988E-03 7.24520E-02 
850 800 8.08001E-03 7.20215E-02 
850 850 8.06744E-03 7.23240E-02 
850 900 8.09349E-03 7.22367E-02 
850 950 8.10157E-03 7.20920E-02 
850 1000 8.10359E-03 7.21969E-02 
850 1050 8.07536E-03 7.21558E-02 
850 1100 8.08331E-03 7.21688E-02 
850 1150 8.09334E-03 7.21903E-02 
850 1200 8.06063E-03 7.21679E-02 
850 1250 8.06446E-03 7.21367E-02 
850 1300 8.09828E-03 7.20889E-02 
850 1350 8.07254E-03 7.21433E-02 
850 1400 8.07322E-03 7.21501E-02 
850 1450 8.07018E-03 7.22377E-02 
850 1500 8.08942E-03 7.22846E-02 
850 1550 8.07469E-03 7.21249E-02 
850 1600 8.06112E-03 7.22259E-02 
850 1650 8.10070E-03 7.22463E-02 
850 1700 8.08136E-03 7.22138E-02 
850 1750 8.08393E-03 7.22917E-02 
850 1800 8.06889E-03 7.23545E-02 
850 1850 8.08439E-03 7.21756E-02 
850 1900 8.08621E-03 7.21424E-02 
850 1950 8.06080E-03 7.22744E-02 
850 2000 8.05967E-03 7.23765E-02 
850 2050 8.08668E-03 7.21905E-02 
900 800 8.03494E-03 7.18880E-02 
900 850 8.02036E-03 7.19029E-02 
900 900 8.05550E-03 7.20347E-02 
900 950 8.03174E-03 7.18849E-02 
900 1000 8.03968E-03 7.19295E-02 
900 1050 8.06932E-03 7.18834E-02 
900 1100 8.06036E-03 7.19813E-02 
900 1150 8.05630E-03 7.19251E-02 
900 1200 8.06295E-03 7.17188E-02 
900 1250 8.04304E-03 7.19108E-02 
900 1300 8.05922E-03 7.18719E-02 
900 1350 8.07012E-03 7.20221E-02 
900 1400 8.04321E-03 7.19890E-02 
900 1450 8.04500E-03 7.19941E-02 
900 1500 8.04813E-03 7.20389E-02 
900 1550 8.05186E-03 7.19898E-02 
900 1600 8.03505E-03 7.19810E-02 
900 1650 8.05023E-03 7.19216E-02 
900 1700 8.03004E-03 7.20281E-02 
900 1750 8.04032E-03 7.19784E-02 
900 1800 8.05452E-03 7.20253E-02 
900 1850 8.04274E-03 7.18580E-02 
900 1900 8.06474E-03 7.19511E-02 
900 1950 8.04358E-03 7.19375E-02 
900 2000 8.02771E-03 7.19968E-02 
900 2050 8.04208E-03 7.20283E-02 
950 800 8.02691E-03 7.18012E-02 
950 850 8.01890E-03 7.17680E-02 
950 900 8.02319E-03 7.18393E-02 
950 950 8.02628E-03 7.17342E-02 
950 1000 8.00087E-03 7.16526E-02 
950 1050 8.03291E-03 7.17406E-02 
950 1100 8.02216E-03 7.16663E-02 
950 1150 8.04944E-03 7.18071E-02 
950 1200 8.02639E-03 7.18332E-02 
950 1250 8.00518E-03 7.16619E-02 
950 1300 8.02333E-03 7.17616E-02 
950 1350 8.02407E-03 7.18239E-02 
950 1400 8.04358E-03 7.17072E-02 
950 1450 8.02423E-03 7.16813E-02 
950 1500 8.00443E-03 7.18235E-02 
950 1550 8.01858E-03 7.17996E-02 
950 1600 8.04468E-03 7.17425E-02 
950 1650 8.04443E-03 7.17943E-02 
950 1700 8.04978E-03 7.17921E-02 
950 1750 8.03953E-03 7.18375E-02 
950 1800 8.02449E-03 7.17408E-02 
950 1850 8.01794E-03 7.18936E-02 
950 1900 8.04304E-03 7.18194E-02 
950 1950 8.03224E-03 7.18355E-02 
950 2000 8.01314E-03 7.17304E-02 
950 2050 8.02218E-03 7.18086E-02 
1000 800 8.01200E-03 7.14596E-02 
1000 850 8.00016E-03 7.15714E-02 
1000 900 7.99260E-03 7.14981E-02 
1000 950 8.01879E-03 7.15695E-02 
1000 1000 8.00050E-03 7.16382E-02 
1000 1050 8.02325E-03 7.15131E-02 
1000 1100 7.99652E-03 7.15414E-02 
1000 1150 8.03470E-03 7.15323E-02 
1000 1200 7.99837E-03 7.15197E-02 
1000 1250 8.01738E-03 7.14549E-02 
1000 1300 8.02898E-03 7.15917E-02 
1000 1350 8.03528E-03 7.15911E-02 
1000 1400 7.99207E-03 7.15586E-02 
1000 1450 8.01468E-03 7.14995E-02 
1000 1500 8.01358E-03 7.15310E-02 
1000 1550 8.01144E-03 7.15799E-02 
1000 1600 8.02532E-03 7.15999E-02 
1000 1650 8.01784E-03 7.15447E-02 
1000 1700 7.99581E-03 7.16458E-02 
1000 1750 8.02310E-03 7.16037E-02 
1000 1800 8.02603E-03 7.15827E-02 
1000 1850 7.99711E-03 7.15993E-02 
1000 1900 8.01989E-03 7.15764E-02 
1000 1950 8.03951E-03 7.15983E-02 
1000 2000 8.01971E-03 7.15072E-02 
1000 2050 7.99836E-03 7.16004E-02 
1050 800 7.98360E-03 7.13143E-02 
1050 850 7.97982E-03 7.13637E-02 
1050 900 8.00075E-03 7.13680E-02 
1050 950 8.00708E-03 7.13357E-02 
1050 1000 8.01400E-03 7.13911E-02 
1050 1050 7.98877E-03 7.13324E-02 
1050 1100 7.97801E-03 7.13945E-02 
1050 1150 7.97904E-03 7.15000E-02 
1050 1200 7.99816E-03 7.13362E-02 
1050 1250 7.98418E-03 7.14507E-02 
1050 1300 7.96659E-03 7.15038E-02 
1050 1350 7.98692E-03 7.13248E-02 
1050 1400 7.98551E-03 7.13164E-02 
1050 1450 7.99580E-03 7.12913E-02 
1050 1500 7.98720E-03 7.13021E-02 
1050 1550 7.99796E-03 7.13768E-02 
1050 1600 7.97937E-03 7.13473E-02 
1050 1650 8.00228E-03 7.13987E-02 
1050 1700 8.00606E-03 7.12894E-02 
1050 1750 8.00933E-03 7.13457E-02 
1050 1800 7.98738E-03 7.14323E-02 
1050 1850 7.99165E-03 7.13357E-02 
1050 1900 8.02010E-03 7.14175E-02 
1050 1950 7.98763E-03 7.13658E-02 
1050 2000 7.98632E-03 7.13007E-02 
1050 2050 7.98309E-03 7.13649E-02 
1100 800 7.96411E-03 7.11750E-02 
1100 850 7.97007E-03 7.09904E-02 
1100 900 7.97507E-03 7.11622E-02 
1100 950 7.98404E-03 7.11185E-02 
1100 1000 7.97470E-03 7.11287E-02 
1100 1050 7.97501E-03 7.11456E-02 
1100 1100 7.97282E-03 7.12320E-02 
1100 1150 7.97041E-03 7.10884E-02 
1100 1200 7.98457E-03 7.12478E-02 
1100 1250 7.96471E-03 7.11477E-02 
1100 1300 7.98503E-03 7.11959E-02 
1100 1350 7.96602E-03 7.12365E-02 
1100 1400 7.96253E-03 7.11786E-02 
1100 1450 7.95480E-03 7.10536E-02 
1100 1500 7.98450E-03 7.11484E-02 
1100 1550 7.98474E-03 7.10469E-02 
1100 1600 7.98570E-03 7.11212E-02 
1100 1650 7.95462E-03 7.11792E-02 
1100 1700 7.96988E-03 7.11170E-02 
1100 1750 7.97292E-03 7.11720E-02 
1100 1800 7.94696E-03 7.11843E-02 
1100 1850 7.98597E-03 7.11980E-02 
1100 1900 7.96095E-03 7.11849E-02 
1100 1950 7.99138E-03 7.12755E-02 
1100 2000 7.95799E-03 7.11196E-02 
1100 2050 7.95741E-03 7.10958E-02 
1150 800 7.95116E-03 7.10191E-02 
1150 850 7.92731E-03 7.10764E-02 
1150 900 7.93006E-03 7.08894E-02 
1150 950 7.97054E-03 7.10701E-02 
1150 1000 7.95625E-03 7.09663E-02 
1150 1050 7.95470E-03 7.09748E-02 
1150 1100 7.95458E-03 7.08461E-02 
1150 1150 7.93477E-03 7.10494E-02 
1150 1200 7.95470E-03 7.10491E-02 
1150 1250 7.93977E-03 7.09654E-02 
1150 1300 7.96049E-03 7.08564E-02 
1150 1350 7.95414E-03 7.09740E-02 
1150 1400 7.95560E-03 7.10158E-02 
1150 1450 7.95713E-03 7.07879E-02 
1150 1500 7.93842E-03 7.10090E-02 
1150 1550 7.96201E-03 7.09835E-02 
1150 1600 7.96387E-03 7.09841E-02 
1150 1650 7.93624E-03 7.10023E-02 
1150 1700 7.95595E-03 7.09232E-02 
1150 1750 7.95058E-03 7.10475E-02 
1150 1800 7.95970E-03 7.10039E-02 
1150 1850 7.94072E-03 7.09347E-02 
1150 1900 7.96979E-03 7.09655E-02 
1150 1950 7.95891E-03 7.09802E-02 
1150 2000 7.93133E-03 7.09491E-02 
1150 2050 7.94531E-03 7.10466E-02 
1200 800 7.92909E-03 7.08091E-02 
1200 850 7.92660E-03 7.08542E-02 
1200 900 7.93916E-03 7.07387E-02 
1200 950 7.93815E-03 7.08503E-02 
1200 1000 7.94698E-03 7.08611E-02 
1200 1050 7.92547E-03 7.06821E-02 
1200 1100 7.93303E-03 7.07755E-02 
1200 1150 7.94274E-03 7.07391E-02 
1200 1200 7.90484E-03 7.07324E-02 
1200 1250 7.92331E-03 7.06865E-02 
1200 1300 7.92435E-03 7.07446E-02 
1200 1350 7.94763E-03 7.07913E-02 
1200 1400 7.93713E-03 7.07747E-02 
1200 1450 7.94835E-03 7.07133E-02 
1200 1500 7.94588E-03 7.06024E-02 
1200 1550 7.92308E-03 7.08209E-02 
1200 1600 7.93949E-03 7.06634E-02 
1200 1650 7.94250E-03 7.07527E-02 
1200 1700 7.93335E-03 7.07510E-02 
1200 1750 7.92362E-03 7.07041E-02 
1200 1800 7.92545E-03 7.08585E-02 
1200 1850 7.93849E-03 7.07617E-02 
1200 1900 7.94161E-03 7.08035E-02 
1200 1950 7.92571E-03 7.06677E-02 
1200 2000 7.92223E-03 7.07159E-02 
1200 2050 7.93381E-03 7.06772E-02 
1250 800 7.88937E-03 7.05348E-02 
1250 850 7.89401E-03 7.05932E-02 
1250 900 7.91782E-03 7.06287E-02 
1250 950 7.93172E-03 7.05476E-02 
1250 1000 7.91802E-03 7.06070E-02 
1250 1050 7.90850E-03 7.06424E-02 
1250 1100 7.89267E-03 7.06058E-02 
1250 1150 7.92483E-03 7.06235E-02 
1250 1200 7.92684E-03 7.06342E-02 
1250 1250 7.90983E-03 7.05300E-02 
1250 1300 7.92501E-03 7.05308E-02 
1250 1350 7.92910E-03 7.05617E-02 
1250 1400 7.95923E-03 7.05871E-02 
1250 1450 7.89527E-03 7.05777E-02 
1250 1500 7.90775E-03 7.04937E-02 
1250 1550 7.90848E-03 7.05375E-02 
1250 1600 7.89841E-03 7.06993E-02 
1250 1650 7.92505E-03 7.06065E-02 
1250 1700 7.92285E-03 7.06694E-02 
1250 1750 7.89445E-03 7.05499E-02 
1250 1800 7.91814E-03 7.06634E-02 
1250 1850 7.91502E-03 7.06871E-02 
1250 1900 7.91144E-03 7.06291E-02 
1250 1950 7.91286E-03 7.06078E-02 
1250 2000 7.92708E-03 7.06316E-02 
1250 2050 7.92326E-03 7.05492E-02 
1300 800 7.86288E-03 7.03061E-02 
1300 850 7.90595E-03 7.04007E-02 
1300 900 7.91022E-03 7.04263E-02 
1300 950 7.91215E-03 7.05148E-02 
1300 1000 7.88126E-03 7.03684E-02 
1300 1050 7.89481E-03 7.03513E-02 
1300 1100 7.91273E-03 7.03728E-02 
1300 1150 7.90022E-03 7.03929E-02 
1300 1200 7.92148E-03 7.05015E-02 
1300 1250 7.89623E-03 7.04947E-02 
1300 1300 7.89213E-03 7.03750E-02 
1300 1350 7.89164E-03 7.03574E-02 
1300 1400 7.89970E-03 7.03341E-02 
1300 1450 7.89376E-03 7.04489E-02 
1300 1500 7.89178E-03 7.03679E-02 
1300 1550 7.90144E-03 7.04207E-02 
1300 1600 7.92823E-03 7.04748E-02 
1300 1650 7.89128E-03 7.04495E-02 
1300 1700 7.92122E-03 7.04439E-02 
1300 1750 7.89526E-03 7.04343E-02 
1300 1800 7.90136E-03 7.02647E-02 
1300 1850 7.91402E-03 7.04443E-02 
1300 1900 7.91478E-03 7.03911E-02 
1300 1950 7.90201E-03 7.04840E-02 
1300 2000 7.88930E-03 7.03981E-02 
1300 2050 7.90002E-03 7.04707E-02 
1350 800 7.86833E-03 7.01987E-02 
1350 850 7.87599E-03 7.03369E-02 
1350 900 7.87500E-03 7.01991E-02 
1350 950 7.88470E-03 7.01921E-02 
1350 1000 7.88484E-03 7.02139E-02 
1350 1050 7.91262E-03 7.01257E-02 
1350 1100 7.88538E-03 7.01785E-02 
1350 1150 7.88919E-03 7.03569E-02 
1350 1200 7.88156E-03 7.02873E-02 
1350 1250 7.89672E-03 7.02666E-02 
1350 1300 7.88214E-03 7.03165E-02 
1350 1350 7.86934E-03 7.03306E-02 
1350 1400 7.87190E-03 7.01137E-02 
1350 1450 7.88910E-03 7.02274E-02 
1350 1500 7.87109E-03 7.03417E-02 
1350 1550 7.87184E-03 7.02446E-02 
1350 1600 7.87794E-03 7.03139E-02 
1350 1650 7.88526E-03 7.02872E-02 
1350 1700 7.86943E-03 7.02637E-02 
1350 1750 7.89608E-03 7.02437E-02 
1350 1800 7.89643E-03 7.02380E-02 
1350 1850 7.89399E-03 7.02088E-02 
1350 1900 7.88368E-03 7.02732E-02 
1350 1950 7.87412E-03 7.02833E-02 
1350 2000 7.88034E-03 7.02391E-02 
1350 2050 7.86155E-03 7.02105E-02 
1400 800 7.86341E-03 7.00774E-02 
1400 850 7.87606E-03 7.00028E-02 
1400 900 7.84929E-03 6.99210E-02 
1400 950 7.87254E-03 6.99638E-02 
1400 1000 7.86009E-03 7.01075E-02 
1400 1050 7.87259E-03 7.01019E-02 
1400 1100 7.87845E-03 7.00977E-02 
1400 1150 7.86239E-03 7.00833E-02 
1400 1200 7.85340E-03 7.01858E-02 
1400 1250 7.85955E-03 7.00674E-02 
1400 1300 7.84125E-03 7.01181E-02 
1400 1350 7.88996E-03 7.00372E-02 
1400 1400 7.86798E-03 7.01164E-02 
1400 1450 7.88274E-03 7.00882E-02 
1400 1500 7.86735E-03 7.00041E-02 
1400 1550 7.87259E-03 7.00569E-02 
1400 1600 7.87259E-03 7.00340E-02 
1400 1650 7.88360E-03 7.00830E-02 
1400 1700 7.87246E-03 7.00927E-02 
1400 1750 7.87865E-03 7.01124E-02 
1400 1800 7.88048E-03 7.00035E-02 
1400 1850 7.86747E-03 7.00461E-02 
1400 1900 7.86057E-03 7.00409E-02 
1400 1950 7.86830E-03 7.00873E-02 
1400 2000 7.87228E-03 7.00128E-02 
1400 2050 7.86153E-03 7.00713E-02 
1450 800 7.85837E-03 6.97708E-02 
1450 850 7.81794E-03 6.99917E-02 
1450 900 7.85654E-03 6.98638E-02 
1450 950 7.86186E-03 6.97397E-02 
1450 1000 7.84345E-03 6.99779E-02 
1450 1050 7.83968E-03 6.99659E-02 
1450 1100 7.85045E-03 6.99363E-02 
1450 1150 7.86090E-03 6.97722E-02 
1450 1200 7.86270E-03 6.98037E-02 
1450 1250 7.84540E-03 6.98446E-02 
1450 1300 7.85182E-03 6.97895E-02 
1450 1350 7.85277E-03 6.99471E-02 
1450 1400 7.83897E-03 6.98670E-02 
1450 1450 7.86282E-03 6.98865E-02 
1450 1500 7.84438E-03 6.98803E-02 
1450 1550 7.85793E-03 6.98663E-02 
1450 1600 7.85790E-03 6.98466E-02 
1450 1650 7.86702E-03 6.98952E-02 
1450 1700 7.84382E-03 6.99146E-02 
1450 1750 7.85299E-03 6.99143E-02 
1450 1800 7.85028E-03 6.99034E-02 
1450 1850 7.84910E-03 6.98141E-02 
1450 1900 7.86864E-03 6.99902E-02 
1450 1950 7.87620E-03 6.99037E-02 
1450 2000 7.87189E-03 6.99576E-02 
1450 2050 7.87415E-03 6.99335E-02 
1500 800 7.83620E-03 6.97463E-02 
1500 850 7.86136E-03 6.96132E-02 
1500 900 7.83701E-03 6.96244E-02 
1500 950 7.86952E-03 6.96489E-02 
1500 1000 7.83233E-03 6.96653E-02 
1500 1050 7.83412E-03 6.97511E-02 
1500 1100 7.86319E-03 6.95959E-02 
1500 1150 7.83663E-03 6.97241E-02 
1500 1200 7.82855E-03 6.97313E-02 
1500 1250 7.84314E-03 6.96538E-02 
1500 1300 7.86437E-03 6.97388E-02 
1500 1350 7.82140E-03 6.96490E-02 
1500 1400 7.82356E-03 6.97358E-02 
1500 1450 7.83832E-03 6.96250E-02 
1500 1500 7.85028E-03 6.97106E-02 
1500 1550 7.83917E-03 6.97279E-02 
1500 1600 7.83113E-03 6.95598E-02 
1500 1650 7.85584E-03 6.97972E-02 
1500 1700 7.85071E-03 6.97137E-02 
1500 1750 7.85166E-03 6.97456E-02 
1500 1800 7.82221E-03 6.97324E-02 
1500 1850 7.83052E-03 6.96226E-02 
1500 1900 7.82358E-03 6.96372E-02 
1500 1950 7.84368E-03 6.97039E-02 
1500 2000 7.85242E-03 6.97521E-02 
1500 2050 7.85246E-03 6.98177E-02 
1550 800 7.81573E-03 6.95818E-02 
1550 850 7.81246E-03 6.94507E-02 
1550 900 7.81545E-03 6.95584E-02 
1550 950 7.83666E-03 6.96829E-02 
1550 1000 7.83264E-03 6.95412E-02 
1550 1050 7.84405E-03 6.95889E-02 
1550 1100 7.81099E-03 6.95560E-02 
1550 1150 7.80338E-03 6.96053E-02 
1550 1200 7.81255E-03 6.95736E-02 
1550 1250 7.83692E-03 6.96032E-02 
1550 1300 7.84115E-03 6.95187E-02 
1550 1350 7.82988E-03 6.95194E-02 
1550 1400 7.82414E-03 6.95218E-02 
1550 1450 7.81913E-03 6.95386E-02 
1550 1500 7.80675E-03 6.96691E-02 
1550 1550 7.81512E-03 6.95486E-02 
1550 1600 7.82321E-03 6.95430E-02 
1550 1650 7.83253E-03 6.95203E-02 
1550 1700 7.83428E-03 6.95016E-02 
1550 1750 7.81488E-03 6.95231E-02 
1550 1800 7.83134E-03 6.95373E-02 
1550 1850 7.80990E-03 6.95627E-02 
1550 1900 7.81415E-03 6.95859E-02 
1550 1950 7.84563E-03 6.96232E-02 
1550 2000 7.84943E-03 6.95261E-02 
1550 2050 7.82055E-03 6.95345E-02 
1600 800 7.80258E-03 6.93531E-02 
1600 850 7.81614E-03 6.93799E-02 
1600 900 7.79957E-03 6.94100E-02 
1600 950 7.83077E-03 6.94148E-02 
1600 1000 7.82529E-03 6.94224E-02 
1600 1050 7.83414E-03 6.93413E-02 
1600 1100 7.82219E-03 6.93726E-02 
1600 1150 7.80891E-03 6.94439E-02 
1600 1200 7.80097E-03 6.93786E-02 
1600 1250 7.82475E-03 6.93783E-02 
1600 1300 7.81762E-03 6.93513E-02 
1600 1350 7.82413E-03 6.93271E-02 
1600 1400 7.80974E-03 6.93028E-02 
1600 1450 7.81536E-03 6.94124E-02 
1600 1500 7.81995E-03 6.94558E-02 
1600 1550 7.81327E-03 6.93962E-02 
1600 1600 7.82184E-03 6.94371E-02 
1600 1650 7.82399E-03 6.94235E-02 
1600 1700 7.80535E-03 6.94281E-02 
1600 1750 7.82128E-03 6.93979E-02 
1600 1800 7.80738E-03 6.94402E-02 
1600 1850 7.81697E-03 6.92990E-02 
1600 1900 7.82767E-03 6.94026E-02 
1600 1950 7.83632E-03 6.93639E-02 
1600 2000 7.81344E-03 6.93802E-02 
1600 2050 7.81436E-03 6.94109E-02 
1650 800 7.78922E-03 6.92316E-02 
1650 850 7.78984E-03 6.92211E-02 
1650 900 7.81620E-03 6.92827E-02 
1650 950 7.81379E-03 6.92788E-02 
1650 1000 7.80132E-03 6.92764E-02 
1650 1050 7.79658E-03 6.93047E-02 
1650 1100 7.80192E-03 6.92930E-02 
1650 1150 7.79651E-03 6.92685E-02 
1650 1200 7.79345E-03 6.92500E-02 
1650 1250 7.79649E-03 6.91166E-02 
1650 1300 7.79765E-03 6.91599E-02 
1650 1350 7.79917E-03 6.91979E-02 
1650 1400 7.81045E-03 6.91353E-02 
1650 1450 7.79399E-03 6.92186E-02 
1650 1500 7.79789E-03 6.92567E-02 
1650 1550 7.79342E-03 6.93045E-02 
1650 1600 7.80084E-03 6.91266E-02 
1650 1650 7.81653E-03 6.92437E-02 
1650 1700 7.79701E-03 6.91806E-02 
1650 1750 7.78589E-03 6.92638E-02 
1650 1800 7.80988E-03 6.92018E-02 
1650 1850 7.78301E-03 6.93084E-02 
1650 1900 7.82513E-03 6.92533E-02 
1650 1950 7.78332E-03 6.92314E-02 
1650 2000 7.81519E-03 6.92368E-02 
1650 2050 7.80048E-03 6.92293E-02 
1700 800 7.76792E-03 6.91707E-02 
1700 850 7.78316E-03 6.91422E-02 
1700 900 7.78412E-03 6.91065E-02 
1700 950 7.80307E-03 6.91931E-02 
1700 1000 7.79331E-03 6.91079E-02 
1700 1050 7.79278E-03 6.90252E-02 
1700 1100 7.81243E-03 6.89866E-02 
1700 1150 7.78474E-03 6.90524E-02 
1700 1200 7.77564E-03 6.90430E-02 
1700 1250 7.80758E-03 6.91104E-02 
1700 1300 7.77051E-03 6.90635E-02 
1700 1350 7.81397E-03 6.90986E-02 
1700 1400 7.78005E-03 6.90450E-02 
1700 1450 7.80937E-03 6.90799E-02 
1700 1500 7.79916E-03 6.90667E-02 
1700 1550 7.79550E-03 6.90886E-02 
1700 1600 7.78027E-03 6.90478E-02 
1700 1650 7.79068E-03 6.91451E-02 
1700 1700 7.80980E-03 6.90292E-02 
1700 1750 7.78516E-03 6.90899E-02 
1700 1800 7.77715E-03 6.90176E-02 
1700 1850 7.77987E-03 6.90166E-02 
1700 1900 7.78955E-03 6.91571E-02 
1700 1950 7.79884E-03 6.91241E-02 
1700 2000 7.79653E-03 6.91420E-02 
1700 2050 7.78167E-03 6.90706E-02 
1750 800 7.78850E-03 6.89883E-02 
1750 850 7.79464E-03 6.89764E-02 
1750 900 7.78047E-03 6.88859E-02 
1750 950 7.76994E-03 6.87543E-02 
1750 1000 7.79031E-03 6.89465E-02 
1750 1050 7.77039E-03 6.89733E-02 
1750 1100 7.78560E-03 6.89138E-02 
1750 1150 7.79143E-03 6.88933E-02 
1750 1200 7.77142E-03 6.89903E-02 
1750 1250 7.77271E-03 6.89790E-02 
1750 1300 7.78932E-03 6.89144E-02 
1750 1350 7.78055E-03 6.89811E-02 
1750 1400 7.77637E-03 6.89288E-02 
1750 1450 7.76007E-03 6.89182E-02 
1750 1500 7.77937E-03 6.88745E-02 
1750 1550 7.77232E-03 6.89466E-02 
1750 1600 7.76108E-03 6.89745E-02 
1750 1650 7.78669E-03 6.89509E-02 
1750 1700 7.78599E-03 6.88911E-02 
1750 1750 7.77279E-03 6.89046E-02 
1750 1800 7.78671E-03 6.88453E-02 
1750 1850 7.77286E-03 6.89895E-02 
1750 1900 7.78962E-03 6.89895E-02 
1750 1950 7.77007E-03 6.89534E-02 
1750 2000 7.75672E-03 6.89307E-02 
1750 2050 7.77951E-03 6.89225E-02 
1800 800 7.76897E-03 6.87236E-02 
1800 850 7.76443E-03 6.87573E-02 
1800 900 7.79136E-03 6.87858E-02 
1800 950 7.76461E-03 6.88141E-02 
1800 1000 7.76508E-03 6.87320E-02 
1800 1050 7.76380E-03 6.86906E-02 
1800 1100 7.75840E-03 6.87823E-02 
1800 1150 7.77552E-03 6.87850E-02 
1800 1200 7.77045E-03 6.87913E-02 
1800 1250 7.77595E-03 6.87856E-02 
1800 1300 7.76444E-03 6.87622E-02 
1800 1350 7.77111E-03 6.88081E-02 
1800 1400 7.75881E-03 6.87354E-02 
1800 1450 7.77184E-03 6.88673E-02 
1800 1500 7.78186E-03 6.88045E-02 
1800 1550 7.76744E-03 6.87715E-02 
1800 1600 7.76843E-03 6.87216E-02 
1800 1650 7.77050E-03 6.87530E-02 
1800 1700 7.75305E-03 6.87675E-02 
1800 1750 7.77414E-03 6.88108E-02 
1800 1800 7.75741E-03 6.88532E-02 
1800 1850 7.75380E-03 6.86706E-02 
1800 1900 7.76115E-03 6.87927E-02 
1800 1950 7.77258E-03 6.87143E-02 
1800 2000 7.78440E-03 6.87452E-02 
1800 2050 7.75856E-03 6.87282E-02 
1850 800 7.75014E-03 6.86589E-02 
1850 850 7.75508E-03 6.86465E-02 
1850 900 7.76391E-03 6.86127E-02 
1850 950 7.74244E-03 6.86396E-02 
1850 1000 7.76547E-03 6.85576E-02 
1850 1050 7.73300E-03 6.86092E-02 
1850 1100 7.75935E-03 6.86804E-02 
1850 1150 7.76436E-03 6.86962E-02 
1850 1200 7.77107E-03 6.86708E-02 
1850 1250 7.76633E-03 6.86141E-02 
1850 1300 7.76589E-03 6.85864E-02 
1850 1350 7.77022E-03 6.87391E-02 
1850 1400 7.76604E-03 6.86166E-02 
1850 1450 7.76713E-03 6.86268E-02 
1850 1500 7.74982E-03 6.86136E-02 
1850 1550 7.76033E-03 6.87407E-02 
1850 1600 7.73653E-03 6.86051E-02 
1850 1650 7.76106E-03 6.87212E-02 
1850 1700 7.74757E-03 6.85761E-02 
1850 1750 7.75534E-03 6.84774E-02 
1850 1800 7.74278E-03 6.87619E-02 
1850 1850 7.76465E-03 6.86479E-02 
1850 1900 7.76843E-03 6.86583E-02 
1850 1950 7.76552E-03 6.85955E-02 
1850 2000 7.76215E-03 6.86000E-02 
1850 2050 7.75554E-03 6.86879E-02 
1900 800 7.74136E-03 6.84862E-02 
1900 850 7.74166E-03 6.84783E-02 
1900 900 7.73953E-03 6.84844E-02 
1900 950 7.73802E-03 6.85181E-02 
1900 1000 7.74236E-03 6.85846E-02 
1900 1050 7.74962E-03 6.85042E-02 
1900 1100 7.72087E-03 6.85028E-02 
1900 1150 7.74290E-03 6.84045E-02 
1900 1200 7.75689E-03 6.84061E-02 
1900 1250 7.72356E-03 6.84743E-02 
1900 1300 7.75919E-03 6.83887E-02 
1900 1350 7.76103E-03 6.84921E-02 
1900 1400 7.74677E-03 6.84750E-02 
1900 1450 7.74565E-03 6.85391E-02 
1900 1500 7.73064E-03 6.84795E-02 
1900 1550 7.75119E-03 6.84588E-02 
1900 1600 7.74705E-03 6.84957E-02 
1900 1650 7.74008E-03 6.85485E-02 
1900 1700 7.73727E-03 6.85041E-02 
1900 1750 7.74263E-03 6.84814E-02 
1900 1800 7.73250E-03 6.84428E-02 
1900 1850 7.74659E-03 6.84270E-02 
1900 1900 7.74961E-03 6.84060E-02 
1900 1950 7.74997E-03 6.85147E-02 
1900 2000 7.75767E-03 6.85439E-02 
1900 2050 7.76140E-03 6.84231E-02 
1950 800 7.73826E-03 6.83566E-02 
1950 850 7.70770E-03 6.84912E-02 
1950 900 7.76321E-03 6.82547E-02 
1950 950 7.72464E-03 6.83495E-02 
1950 1000 7.74503E-03 6.83385E-02 
1950 1050 7.72770E-03 6.82708E-02 
1950 1100 7.73068E-03 6.83227E-02 
1950 1150 7.73892E-03 6.83119E-02 
1950 1200 7.73280E-03 6.82523E-02 
1950 1250 7.74375E-03 6.83317E-02 
1950 1300 7.72649E-03 6.82977E-02 
1950 1350 7.73753E-03 6.83433E-02 
1950 1400 7.73149E-03 6.83036E-02 
1950 1450 7.75088E-03 6.83074E-02 
1950 1500 7.74640E-03 6.83294E-02 
1950 1550 7.74993E-03 6.83780E-02 
1950 1600 7.74234E-03 6.84014E-02 
1950 1650 7.74079E-03 6.82930E-02 
1950 1700 7.74190E-03 6.83127E-02 
1950 1750 7.74107E-03 6.84532E-02 
1950 1800 7.73051E-03 6.83169E-02 
1950 1850 7.73367E-03 6.83106E-02 
1950 1900 7.72353E-03 6.83797E-02 
1950 1950 7.74687E-03 6.83262E-02 
1950 2000 7.73929E-03 6.83554E-02 
1950 2050 7.73333E-03 6.82759E-02 
2000 800 7.71478E-03 6.82249E-02 
2000 850 7.72970E-03 6.82536E-02 
2000 900 7.72617E-03 6.81873E-02 
2000 950 7.71018E-03 6.82145E-02 
2000 1000 7.74228E-03 6.82199E-02 
2000 1050 7.71333E-03 6.82577E-02 
2000 1100 7.73077E-03 6.82653E-02 
2000 1150 7.71799E-03 6.82605E-02 
2000 1200 7.72435E-03 6.82463E-02 
2000 1250 7.72413E-03 6.82505E-02 
2000 1300 7.72841E-03 6.81202E-02 
2000 1350 7.72577E-03 6.82459E-02 
2000 1400 7.72542E-03 6.82511E-02 
2000 1450 7.71449E-03 6.81877E-02 
2000 1500 7.72449E-03 6.82582E-02 
2000 1550 7.72657E-03 6.82067E-02 
2000 1600 7.72138E-03 6.82011E-02 
2000 1650 7.72592E-03 6.82002E-02 
2000 1700 7.71806E-03 6.81467E-02 
2000 1750 7.71608E-03 6.81873E-02 
2000 1800 7.73940E-03 6.82081E-02 
2000 1850 7.72200E-03 6.81416E-02 
2000 1900 7.71832E-03 6.82647E-02 
2000 1950 7.72190E-03 6.82579E-02 
2000 2000 7.72865E-03 6.82088E-02 
2000 2050 7.71474E-03 6.82224E-02 
2050 800 7.69001E-03 6.80645E-02 
2050 850 7.70460E-03 6.80003E-02 
2050 900 7.71129E-03 6.80864E-02 
2050 950 7.70635E-03 6.80469E-02 
2050 1000 7.74826E-03 6.80931E-02 
2050 1050 7.69417E-03 6.80856E-02 
2050 1100 7.70879E-03 6.79626E-02 
2050 1150 7.70576E-03 6.80608E-02 
2050 1200 7.70862E-03 6.80590E-02 
2050 1250 7.70950E-03 6.81544E-02 
2050 1300 7.70982E-03 6.80495E-02 
2050 1350 7.72643E-03 6.81126E-02 
2050 1400 7.71632E-03 6.80418E-02 
2050 1450 7.70997E-03 6.80053E-02 
2050 1500 7.72510E-03 6.81093E-02 
2050 1550 7.73372E-03 6.79617E-02 
2050 1600 7.72966E-03 6.81674E-02 
2050 1650 7.71405E-03 6.79782E-02 
2050 1700 7.71079E-03 6.80557E-02 
2050 1750 7.72037E-03 6.81106E-02 
2050 1800 7.71349E-03 6.79388E-02 
2050 1850 7.71685E-03 6.79085E-02 
2050 1900 7.71997E-03 6.79820E-02 
2050 1950 7.73216E-03 6.81017E-02 
2050 2000 7.71120E-03 6.81651E-02 
2050 2050 7.71009E-03 6.80619E-02 
