var_type   temp  Group1       Group2
FLUX       858   1.40949E+02  5.60345E+01
FLUX       908   1.41519E+02  5.60691E+01
FLUX       958   1.41689E+02  5.58893E+01
FLUX       1008  1.41315E+02  5.61239E+01
FLUX       1058  1.41234E+02  5.60716E+01
FLUX       1108  1.41063E+02  5.60314E+01
REMXS      858   3.82982E-03  1.23449E-03
REMXS      908   3.82257E-03  1.23498E-03
REMXS      958   3.82161E-03  1.24454E-03
REMXS      1008  3.82129E-03  1.21988E-03
REMXS      1058  3.83370E-03  1.24322E-03
REMXS      1108  3.81547E-03  1.22974E-03
FISSXS     858   1.41830E-42  3.57750E-42
FISSXS     908   1.41556E-42  3.58317E-42
FISSXS     958   1.41734E-42  3.60289E-42
FISSXS     1008  1.41680E-42  3.57762E-42
FISSXS     1058  1.41828E-42  3.58176E-42
FISSXS     1108  1.41811E-42  3.58087E-42
NUBAR      858   0.00000E+00  0.00000E+00
NUBAR      908   0.00000E+00  0.00000E+00
NUBAR      958   0.00000E+00  0.00000E+00
NUBAR      1008  0.00000E+00  0.00000E+00
NUBAR      1058  0.00000E+00  0.00000E+00
NUBAR      1108  0.00000E+00  0.00000E+00
NSF        858   0.00000E+00  0.00000E+00
NSF        908   0.00000E+00  0.00000E+00
NSF        958   0.00000E+00  0.00000E+00
NSF        1008  0.00000E+00  0.00000E+00
NSF        1058  0.00000E+00  0.00000E+00
NSF        1108  0.00000E+00  0.00000E+00
FISSE      858   0.00000E+00  0.00000E+00
FISSE      908   0.00000E+00  0.00000E+00
FISSE      958   0.00000E+00  0.00000E+00
FISSE      1008  0.00000E+00  0.00000E+00
FISSE      1058  0.00000E+00  0.00000E+00
FISSE      1108  0.00000E+00  0.00000E+00
DIFFCOEF   858   7.63148E-01  2.84371E-02
DIFFCOEF   908   7.61397E-01  2.77371E-02
DIFFCOEF   958   7.61468E-01  2.71122E-02
DIFFCOEF   1008  7.61637E-01  2.61935E-02
DIFFCOEF   1058  7.64640E-01  2.74949E-02
DIFFCOEF   1108  7.61392E-01  2.66599E-02
CHI        858   0.00000E+00  0.00000E+00
CHI        908   0.00000E+00  0.00000E+00
CHI        958   0.00000E+00  0.00000E+00
CHI        1008  0.00000E+00  0.00000E+00
CHI        1058  0.00000E+00  0.00000E+00
CHI        1108  0.00000E+00  0.00000E+00
GTRANSFXS  858   3.92177E-01  1.07283E-03  3.81514E-03  4.45605E-01
GTRANSFXS  908   3.92149E-01  1.07360E-03  3.80750E-03  4.45578E-01
GTRANSFXS  958   3.92129E-01  1.08306E-03  3.80680E-03  4.45593E-01
GTRANSFXS  1008  3.92230E-01  1.05822E-03  3.80646E-03  4.45610E-01
GTRANSFXS  1058  3.92247E-01  1.08155E-03  3.81858E-03  4.45617E-01
GTRANSFXS  1108  3.92124E-01  1.06808E-03  3.80069E-03  4.45625E-01
