800 5.07210E-01 1.76728E+00 
850 5.06115E-01 1.73428E+00 
900 5.06870E-01 1.69177E+00 
950 5.02471E-01 1.68115E+00 
1000 5.06568E-01 1.65781E+00 
1050 5.07340E-01 1.65309E+00 
1100 5.03168E-01 1.62851E+00 
1150 5.01042E-01 1.60168E+00 
1200 4.99114E-01 1.60802E+00 
1250 4.97851E-01 1.58185E+00 
1300 4.97117E-01 1.57855E+00 
1350 4.93475E-01 1.55667E+00 
1400 4.93499E-01 1.55976E+00 
1450 4.89300E-01 1.53907E+00 
1500 4.88309E-01 1.53080E+00 
1550 4.86537E-01 1.52528E+00 
1600 4.84570E-01 1.52823E+00 
1650 4.80429E-01 1.51553E+00 
1700 4.79185E-01 1.51608E+00 
1750 4.76404E-01 1.49367E+00 
1800 4.73686E-01 1.47016E+00 
1850 4.70153E-01 1.49836E+00 
1900 4.67779E-01 1.49349E+00 
1950 4.65667E-01 1.50961E+00 
2000 4.62161E-01 1.49041E+00 
