800 800 6.58042E-08 1.99396E-06 
800 850 6.55479E-08 1.98669E-06 
800 900 6.57192E-08 1.99488E-06 
800 950 6.57156E-08 1.98815E-06 
800 1000 6.57335E-08 1.99449E-06 
800 1050 6.56385E-08 1.98833E-06 
800 1100 6.57635E-08 1.98980E-06 
800 1150 6.56223E-08 1.99061E-06 
800 1200 6.56067E-08 1.99129E-06 
800 1250 6.59305E-08 1.99043E-06 
800 1300 6.58854E-08 1.99311E-06 
800 1350 6.57973E-08 1.98997E-06 
800 1400 6.58301E-08 1.99029E-06 
800 1450 6.55118E-08 1.99135E-06 
800 1500 6.55683E-08 1.98874E-06 
800 1550 6.57629E-08 1.99018E-06 
800 1600 6.57286E-08 1.99036E-06 
800 1650 6.56791E-08 1.99084E-06 
800 1700 6.57121E-08 1.99268E-06 
800 1750 6.56519E-08 1.99260E-06 
800 1800 6.56522E-08 1.99182E-06 
800 1850 6.56600E-08 1.98876E-06 
800 1900 6.55221E-08 1.99161E-06 
800 1950 6.57302E-08 1.99348E-06 
800 2000 6.57931E-08 1.99302E-06 
800 2050 6.57472E-08 1.99192E-06 
850 800 6.55761E-08 1.97975E-06 
850 850 6.54618E-08 1.98677E-06 
850 900 6.55616E-08 1.98740E-06 
850 950 6.56496E-08 1.98350E-06 
850 1000 6.54555E-08 1.98770E-06 
850 1050 6.54578E-08 1.98419E-06 
850 1100 6.55749E-08 1.98444E-06 
850 1150 6.55714E-08 1.98401E-06 
850 1200 6.54100E-08 1.98247E-06 
850 1250 6.55741E-08 1.98067E-06 
850 1300 6.56447E-08 1.98545E-06 
850 1350 6.55778E-08 1.98210E-06 
850 1400 6.55362E-08 1.97939E-06 
850 1450 6.54854E-08 1.98886E-06 
850 1500 6.55798E-08 1.98602E-06 
850 1550 6.54674E-08 1.98282E-06 
850 1600 6.53655E-08 1.98634E-06 
850 1650 6.55976E-08 1.98639E-06 
850 1700 6.55705E-08 1.98602E-06 
850 1750 6.54694E-08 1.98700E-06 
850 1800 6.53934E-08 1.99049E-06 
850 1850 6.54278E-08 1.98312E-06 
850 1900 6.54929E-08 1.98726E-06 
850 1950 6.53646E-08 1.98943E-06 
850 2000 6.54716E-08 1.98859E-06 
850 2050 6.55012E-08 1.98753E-06 
900 800 6.52758E-08 1.97756E-06 
900 850 6.52343E-08 1.97777E-06 
900 900 6.53839E-08 1.98228E-06 
900 950 6.52261E-08 1.97640E-06 
900 1000 6.53474E-08 1.97802E-06 
900 1050 6.54704E-08 1.97546E-06 
900 1100 6.53790E-08 1.98175E-06 
900 1150 6.53982E-08 1.97962E-06 
900 1200 6.53267E-08 1.97412E-06 
900 1250 6.52641E-08 1.97903E-06 
900 1300 6.53266E-08 1.97504E-06 
900 1350 6.53918E-08 1.98333E-06 
900 1400 6.51393E-08 1.98253E-06 
900 1450 6.53550E-08 1.97812E-06 
900 1500 6.55293E-08 1.98067E-06 
900 1550 6.54267E-08 1.98390E-06 
900 1600 6.51749E-08 1.97908E-06 
900 1650 6.53247E-08 1.97786E-06 
900 1700 6.51141E-08 1.98158E-06 
900 1750 6.52616E-08 1.98320E-06 
900 1800 6.53342E-08 1.98160E-06 
900 1850 6.51490E-08 1.97583E-06 
900 1900 6.53512E-08 1.97993E-06 
900 1950 6.52886E-08 1.98006E-06 
900 2000 6.52199E-08 1.98075E-06 
900 2050 6.52981E-08 1.98167E-06 
950 800 6.49675E-08 1.97502E-06 
950 850 6.50338E-08 1.97351E-06 
950 900 6.51231E-08 1.97332E-06 
950 950 6.50904E-08 1.97350E-06 
950 1000 6.49987E-08 1.97003E-06 
950 1050 6.50559E-08 1.97281E-06 
950 1100 6.50712E-08 1.97176E-06 
950 1150 6.52764E-08 1.97536E-06 
950 1200 6.51028E-08 1.97598E-06 
950 1250 6.50056E-08 1.97413E-06 
950 1300 6.50953E-08 1.97673E-06 
950 1350 6.50834E-08 1.97455E-06 
950 1400 6.52244E-08 1.97339E-06 
950 1450 6.50951E-08 1.97114E-06 
950 1500 6.50393E-08 1.97602E-06 
950 1550 6.50008E-08 1.97645E-06 
950 1600 6.51776E-08 1.97534E-06 
950 1650 6.50951E-08 1.97340E-06 
950 1700 6.50924E-08 1.97659E-06 
950 1750 6.51438E-08 1.97513E-06 
950 1800 6.50898E-08 1.97463E-06 
950 1850 6.50401E-08 1.97802E-06 
950 1900 6.51019E-08 1.97674E-06 
950 1950 6.50572E-08 1.97474E-06 
950 2000 6.48879E-08 1.97320E-06 
950 2050 6.51713E-08 1.97701E-06 
1000 800 6.49081E-08 1.96788E-06 
1000 850 6.49988E-08 1.97001E-06 
1000 900 6.48289E-08 1.96709E-06 
1000 950 6.50863E-08 1.96563E-06 
1000 1000 6.50226E-08 1.96875E-06 
1000 1050 6.51264E-08 1.96826E-06 
1000 1100 6.48981E-08 1.97012E-06 
1000 1150 6.49853E-08 1.96847E-06 
1000 1200 6.49288E-08 1.97010E-06 
1000 1250 6.50268E-08 1.96929E-06 
1000 1300 6.51218E-08 1.96750E-06 
1000 1350 6.51728E-08 1.97083E-06 
1000 1400 6.48719E-08 1.96765E-06 
1000 1450 6.48483E-08 1.96632E-06 
1000 1500 6.51887E-08 1.96715E-06 
1000 1550 6.50150E-08 1.97084E-06 
1000 1600 6.50486E-08 1.97082E-06 
1000 1650 6.49487E-08 1.96749E-06 
1000 1700 6.47421E-08 1.97215E-06 
1000 1750 6.50931E-08 1.97236E-06 
1000 1800 6.49624E-08 1.97013E-06 
1000 1850 6.49576E-08 1.97214E-06 
1000 1900 6.50105E-08 1.96973E-06 
1000 1950 6.49172E-08 1.96959E-06 
1000 2000 6.49929E-08 1.96642E-06 
1000 2050 6.49471E-08 1.97043E-06 
1050 800 6.46696E-08 1.96434E-06 
1050 850 6.45862E-08 1.96776E-06 
1050 900 6.48979E-08 1.96346E-06 
1050 950 6.49915E-08 1.96444E-06 
1050 1000 6.48791E-08 1.96440E-06 
1050 1050 6.48178E-08 1.96056E-06 
1050 1100 6.49683E-08 1.96426E-06 
1050 1150 6.47010E-08 1.96803E-06 
1050 1200 6.46396E-08 1.96323E-06 
1050 1250 6.47741E-08 1.96661E-06 
1050 1300 6.47104E-08 1.96727E-06 
1050 1350 6.48607E-08 1.96314E-06 
1050 1400 6.46363E-08 1.96372E-06 
1050 1450 6.48213E-08 1.95986E-06 
1050 1500 6.48538E-08 1.96494E-06 
1050 1550 6.48621E-08 1.96599E-06 
1050 1600 6.45987E-08 1.96301E-06 
1050 1650 6.48644E-08 1.96586E-06 
1050 1700 6.48638E-08 1.96214E-06 
1050 1750 6.49125E-08 1.96242E-06 
1050 1800 6.47873E-08 1.96760E-06 
1050 1850 6.48167E-08 1.96579E-06 
1050 1900 6.49417E-08 1.96445E-06 
1050 1950 6.47106E-08 1.96856E-06 
1050 2000 6.46724E-08 1.96423E-06 
1050 2050 6.47614E-08 1.96469E-06 
1100 800 6.44255E-08 1.95732E-06 
1100 850 6.46718E-08 1.95493E-06 
1100 900 6.46679E-08 1.96108E-06 
1100 950 6.47397E-08 1.96461E-06 
1100 1000 6.46664E-08 1.95923E-06 
1100 1050 6.46598E-08 1.95944E-06 
1100 1100 6.46771E-08 1.95866E-06 
1100 1150 6.45730E-08 1.96013E-06 
1100 1200 6.46442E-08 1.96090E-06 
1100 1250 6.47252E-08 1.95917E-06 
1100 1300 6.46940E-08 1.96174E-06 
1100 1350 6.47263E-08 1.95876E-06 
1100 1400 6.46874E-08 1.96127E-06 
1100 1450 6.45715E-08 1.95825E-06 
1100 1500 6.47846E-08 1.95773E-06 
1100 1550 6.46606E-08 1.95844E-06 
1100 1600 6.46816E-08 1.95686E-06 
1100 1650 6.45245E-08 1.96051E-06 
1100 1700 6.46843E-08 1.96012E-06 
1100 1750 6.46735E-08 1.95880E-06 
1100 1800 6.44508E-08 1.96097E-06 
1100 1850 6.46462E-08 1.96048E-06 
1100 1900 6.45243E-08 1.95933E-06 
1100 1950 6.46607E-08 1.96180E-06 
1100 2000 6.45315E-08 1.96019E-06 
1100 2050 6.45448E-08 1.95813E-06 
1150 800 6.45582E-08 1.95403E-06 
1150 850 6.43507E-08 1.95855E-06 
1150 900 6.44305E-08 1.95103E-06 
1150 950 6.47074E-08 1.95352E-06 
1150 1000 6.46263E-08 1.95416E-06 
1150 1050 6.46760E-08 1.95338E-06 
1150 1100 6.45207E-08 1.94705E-06 
1150 1150 6.44193E-08 1.95633E-06 
1150 1200 6.44264E-08 1.95553E-06 
1150 1250 6.44202E-08 1.95617E-06 
1150 1300 6.43815E-08 1.94908E-06 
1150 1350 6.46035E-08 1.95237E-06 
1150 1400 6.45181E-08 1.95791E-06 
1150 1450 6.45256E-08 1.95009E-06 
1150 1500 6.43564E-08 1.95726E-06 
1150 1550 6.45819E-08 1.95577E-06 
1150 1600 6.44340E-08 1.95541E-06 
1150 1650 6.44918E-08 1.95546E-06 
1150 1700 6.43824E-08 1.95450E-06 
1150 1750 6.45900E-08 1.95565E-06 
1150 1800 6.45668E-08 1.95773E-06 
1150 1850 6.44345E-08 1.95369E-06 
1150 1900 6.45796E-08 1.95537E-06 
1150 1950 6.44054E-08 1.95609E-06 
1150 2000 6.42703E-08 1.95410E-06 
1150 2050 6.43644E-08 1.95562E-06 
1200 800 6.42254E-08 1.94996E-06 
1200 850 6.41661E-08 1.95065E-06 
1200 900 6.44551E-08 1.94897E-06 
1200 950 6.43955E-08 1.95144E-06 
1200 1000 6.44087E-08 1.95206E-06 
1200 1050 6.43114E-08 1.94566E-06 
1200 1100 6.43939E-08 1.95104E-06 
1200 1150 6.43591E-08 1.94779E-06 
1200 1200 6.43764E-08 1.94603E-06 
1200 1250 6.43021E-08 1.94990E-06 
1200 1300 6.42769E-08 1.94850E-06 
1200 1350 6.45476E-08 1.95116E-06 
1200 1400 6.42437E-08 1.94722E-06 
1200 1450 6.44665E-08 1.94813E-06 
1200 1500 6.43861E-08 1.94563E-06 
1200 1550 6.43890E-08 1.95155E-06 
1200 1600 6.43487E-08 1.94779E-06 
1200 1650 6.42734E-08 1.94955E-06 
1200 1700 6.44475E-08 1.95236E-06 
1200 1750 6.43886E-08 1.94828E-06 
1200 1800 6.44768E-08 1.95132E-06 
1200 1850 6.43281E-08 1.95117E-06 
1200 1900 6.43674E-08 1.95126E-06 
1200 1950 6.42195E-08 1.94805E-06 
1200 2000 6.43053E-08 1.95010E-06 
1200 2050 6.43569E-08 1.94559E-06 
1250 800 6.40551E-08 1.94746E-06 
1250 850 6.40924E-08 1.94343E-06 
1250 900 6.42340E-08 1.94648E-06 
1250 950 6.42777E-08 1.94004E-06 
1250 1000 6.40815E-08 1.94526E-06 
1250 1050 6.41603E-08 1.94516E-06 
1250 1100 6.41158E-08 1.94324E-06 
1250 1150 6.43162E-08 1.94552E-06 
1250 1200 6.41615E-08 1.94729E-06 
1250 1250 6.42615E-08 1.94351E-06 
1250 1300 6.42223E-08 1.94361E-06 
1250 1350 6.42927E-08 1.94260E-06 
1250 1400 6.43998E-08 1.94320E-06 
1250 1450 6.41087E-08 1.94934E-06 
1250 1500 6.41464E-08 1.94400E-06 
1250 1550 6.41182E-08 1.94450E-06 
1250 1600 6.41052E-08 1.94885E-06 
1250 1650 6.42538E-08 1.94204E-06 
1250 1700 6.42952E-08 1.94539E-06 
1250 1750 6.40844E-08 1.94201E-06 
1250 1800 6.41222E-08 1.94645E-06 
1250 1850 6.41322E-08 1.94844E-06 
1250 1900 6.41694E-08 1.94696E-06 
1250 1950 6.41273E-08 1.94303E-06 
1250 2000 6.41499E-08 1.94697E-06 
1250 2050 6.43485E-08 1.94615E-06 
1300 800 6.38466E-08 1.93607E-06 
1300 850 6.41496E-08 1.93960E-06 
1300 900 6.42155E-08 1.94033E-06 
1300 950 6.42285E-08 1.94095E-06 
1300 1000 6.40274E-08 1.94058E-06 
1300 1050 6.40781E-08 1.93552E-06 
1300 1100 6.42162E-08 1.94043E-06 
1300 1150 6.42201E-08 1.94315E-06 
1300 1200 6.41752E-08 1.94202E-06 
1300 1250 6.39430E-08 1.94206E-06 
1300 1300 6.39728E-08 1.94165E-06 
1300 1350 6.40289E-08 1.94118E-06 
1300 1400 6.41114E-08 1.94132E-06 
1300 1450 6.40608E-08 1.93932E-06 
1300 1500 6.41208E-08 1.93844E-06 
1300 1550 6.40971E-08 1.94011E-06 
1300 1600 6.40560E-08 1.94082E-06 
1300 1650 6.40889E-08 1.94171E-06 
1300 1700 6.42450E-08 1.93980E-06 
1300 1750 6.39445E-08 1.94372E-06 
1300 1800 6.41157E-08 1.93748E-06 
1300 1850 6.40374E-08 1.94083E-06 
1300 1900 6.40684E-08 1.93947E-06 
1300 1950 6.41977E-08 1.93978E-06 
1300 2000 6.39319E-08 1.94152E-06 
1300 2050 6.40815E-08 1.94042E-06 
1350 800 6.38689E-08 1.93446E-06 
1350 850 6.40271E-08 1.93744E-06 
1350 900 6.39683E-08 1.93373E-06 
1350 950 6.40562E-08 1.93467E-06 
1350 1000 6.38836E-08 1.93564E-06 
1350 1050 6.39809E-08 1.93240E-06 
1350 1100 6.39686E-08 1.93436E-06 
1350 1150 6.39778E-08 1.93738E-06 
1350 1200 6.41475E-08 1.93890E-06 
1350 1250 6.41790E-08 1.93533E-06 
1350 1300 6.39371E-08 1.93899E-06 
1350 1350 6.38010E-08 1.93918E-06 
1350 1400 6.38480E-08 1.93213E-06 
1350 1450 6.39932E-08 1.93268E-06 
1350 1500 6.39584E-08 1.94006E-06 
1350 1550 6.38973E-08 1.93636E-06 
1350 1600 6.38862E-08 1.93792E-06 
1350 1650 6.39220E-08 1.93613E-06 
1350 1700 6.37711E-08 1.93347E-06 
1350 1750 6.39323E-08 1.93568E-06 
1350 1800 6.40067E-08 1.93581E-06 
1350 1850 6.39668E-08 1.93286E-06 
1350 1900 6.38422E-08 1.93579E-06 
1350 1950 6.37889E-08 1.93913E-06 
1350 2000 6.39530E-08 1.93796E-06 
1350 2050 6.37691E-08 1.93444E-06 
1400 800 6.36819E-08 1.93065E-06 
1400 850 6.38467E-08 1.92890E-06 
1400 900 6.35945E-08 1.92712E-06 
1400 950 6.38225E-08 1.92801E-06 
1400 1000 6.36994E-08 1.93297E-06 
1400 1050 6.40317E-08 1.93139E-06 
1400 1100 6.38227E-08 1.93192E-06 
1400 1150 6.37720E-08 1.93144E-06 
1400 1200 6.37725E-08 1.93351E-06 
1400 1250 6.37932E-08 1.92973E-06 
1400 1300 6.37222E-08 1.93220E-06 
1400 1350 6.40959E-08 1.93133E-06 
1400 1400 6.38105E-08 1.93308E-06 
1400 1450 6.38155E-08 1.92876E-06 
1400 1500 6.38189E-08 1.93084E-06 
1400 1550 6.38366E-08 1.93275E-06 
1400 1600 6.38327E-08 1.92925E-06 
1400 1650 6.38329E-08 1.93134E-06 
1400 1700 6.37653E-08 1.93247E-06 
1400 1750 6.37740E-08 1.93131E-06 
1400 1800 6.38892E-08 1.92909E-06 
1400 1850 6.37924E-08 1.92839E-06 
1400 1900 6.37078E-08 1.92875E-06 
1400 1950 6.38499E-08 1.93173E-06 
1400 2000 6.37672E-08 1.93007E-06 
1400 2050 6.37356E-08 1.93062E-06 
1450 800 6.38792E-08 1.92251E-06 
1450 850 6.34927E-08 1.92681E-06 
1450 900 6.37155E-08 1.92655E-06 
1450 950 6.38660E-08 1.92180E-06 
1450 1000 6.37078E-08 1.92718E-06 
1450 1050 6.36936E-08 1.92787E-06 
1450 1100 6.37383E-08 1.92803E-06 
1450 1150 6.37309E-08 1.92378E-06 
1450 1200 6.37716E-08 1.92806E-06 
1450 1250 6.37745E-08 1.92543E-06 
1450 1300 6.36480E-08 1.92241E-06 
1450 1350 6.37807E-08 1.92844E-06 
1450 1400 6.37610E-08 1.92714E-06 
1450 1450 6.36140E-08 1.92377E-06 
1450 1500 6.38198E-08 1.92316E-06 
1450 1550 6.36760E-08 1.92675E-06 
1450 1600 6.35978E-08 1.92404E-06 
1450 1650 6.38245E-08 1.92679E-06 
1450 1700 6.36743E-08 1.92747E-06 
1450 1750 6.36115E-08 1.92704E-06 
1450 1800 6.36472E-08 1.92751E-06 
1450 1850 6.37097E-08 1.92681E-06 
1450 1900 6.36669E-08 1.92835E-06 
1450 1950 6.37837E-08 1.92766E-06 
1450 2000 6.37318E-08 1.92758E-06 
1450 2050 6.37719E-08 1.92749E-06 
1500 800 6.36569E-08 1.92217E-06 
1500 850 6.36494E-08 1.92088E-06 
1500 900 6.35916E-08 1.92045E-06 
1500 950 6.37128E-08 1.92078E-06 
1500 1000 6.35049E-08 1.92120E-06 
1500 1050 6.35539E-08 1.92337E-06 
1500 1100 6.37352E-08 1.91970E-06 
1500 1150 6.35763E-08 1.92397E-06 
1500 1200 6.36334E-08 1.92237E-06 
1500 1250 6.35639E-08 1.91893E-06 
1500 1300 6.37034E-08 1.92539E-06 
1500 1350 6.35112E-08 1.91830E-06 
1500 1400 6.35987E-08 1.92425E-06 
1500 1450 6.36538E-08 1.92088E-06 
1500 1500 6.36762E-08 1.92181E-06 
1500 1550 6.36531E-08 1.91984E-06 
1500 1600 6.35452E-08 1.91930E-06 
1500 1650 6.37468E-08 1.92512E-06 
1500 1700 6.36456E-08 1.92278E-06 
1500 1750 6.36977E-08 1.92553E-06 
1500 1800 6.34109E-08 1.92168E-06 
1500 1850 6.34899E-08 1.92054E-06 
1500 1900 6.35598E-08 1.92034E-06 
1500 1950 6.36560E-08 1.92275E-06 
1500 2000 6.36140E-08 1.92431E-06 
1500 2050 6.35987E-08 1.92666E-06 
1550 800 6.34173E-08 1.92051E-06 
1550 850 6.33329E-08 1.91467E-06 
1550 900 6.33959E-08 1.91481E-06 
1550 950 6.36375E-08 1.92005E-06 
1550 1000 6.35518E-08 1.91764E-06 
1550 1050 6.36027E-08 1.91915E-06 
1550 1100 6.35168E-08 1.91840E-06 
1550 1150 6.34622E-08 1.91941E-06 
1550 1200 6.32954E-08 1.91784E-06 
1550 1250 6.36188E-08 1.91952E-06 
1550 1300 6.35602E-08 1.91777E-06 
1550 1350 6.35882E-08 1.91827E-06 
1550 1400 6.35253E-08 1.91607E-06 
1550 1450 6.33803E-08 1.91757E-06 
1550 1500 6.32142E-08 1.92227E-06 
1550 1550 6.34301E-08 1.91690E-06 
1550 1600 6.34866E-08 1.91857E-06 
1550 1650 6.34458E-08 1.91448E-06 
1550 1700 6.35829E-08 1.91735E-06 
1550 1750 6.34729E-08 1.91875E-06 
1550 1800 6.33466E-08 1.91962E-06 
1550 1850 6.32686E-08 1.91855E-06 
1550 1900 6.34138E-08 1.91839E-06 
1550 1950 6.35363E-08 1.91964E-06 
1550 2000 6.35049E-08 1.91729E-06 
1550 2050 6.34023E-08 1.91874E-06 
1600 800 6.32877E-08 1.91526E-06 
1600 850 6.34026E-08 1.91349E-06 
1600 900 6.34253E-08 1.91407E-06 
1600 950 6.36438E-08 1.91343E-06 
1600 1000 6.36126E-08 1.91462E-06 
1600 1050 6.35326E-08 1.91406E-06 
1600 1100 6.34975E-08 1.91262E-06 
1600 1150 6.34687E-08 1.91360E-06 
1600 1200 6.33293E-08 1.91483E-06 
1600 1250 6.35526E-08 1.91164E-06 
1600 1300 6.34178E-08 1.91310E-06 
1600 1350 6.34533E-08 1.91438E-06 
1600 1400 6.33237E-08 1.91329E-06 
1600 1450 6.33886E-08 1.91324E-06 
1600 1500 6.33667E-08 1.91590E-06 
1600 1550 6.33630E-08 1.91381E-06 
1600 1600 6.34319E-08 1.91380E-06 
1600 1650 6.34366E-08 1.91358E-06 
1600 1700 6.33600E-08 1.91502E-06 
1600 1750 6.33903E-08 1.91393E-06 
1600 1800 6.33099E-08 1.91618E-06 
1600 1850 6.33386E-08 1.91319E-06 
1600 1900 6.34811E-08 1.91440E-06 
1600 1950 6.35467E-08 1.91101E-06 
1600 2000 6.32619E-08 1.91181E-06 
1600 2050 6.33125E-08 1.91373E-06 
1650 800 6.34412E-08 1.91108E-06 
1650 850 6.32069E-08 1.91250E-06 
1650 900 6.33511E-08 1.91393E-06 
1650 950 6.33964E-08 1.90862E-06 
1650 1000 6.32683E-08 1.91014E-06 
1650 1050 6.31847E-08 1.91172E-06 
1650 1100 6.33196E-08 1.91042E-06 
1650 1150 6.32370E-08 1.90858E-06 
1650 1200 6.33007E-08 1.91159E-06 
1650 1250 6.32547E-08 1.90828E-06 
1650 1300 6.32425E-08 1.90754E-06 
1650 1350 6.33737E-08 1.90910E-06 
1650 1400 6.34250E-08 1.90596E-06 
1650 1450 6.32683E-08 1.91176E-06 
1650 1500 6.32873E-08 1.90867E-06 
1650 1550 6.33310E-08 1.90950E-06 
1650 1600 6.31768E-08 1.90632E-06 
1650 1650 6.34711E-08 1.91103E-06 
1650 1700 6.31189E-08 1.90812E-06 
1650 1750 6.32481E-08 1.90982E-06 
1650 1800 6.33009E-08 1.90785E-06 
1650 1850 6.31786E-08 1.91123E-06 
1650 1900 6.34770E-08 1.91225E-06 
1650 1950 6.31077E-08 1.90910E-06 
1650 2000 6.33555E-08 1.90902E-06 
1650 2050 6.31565E-08 1.91033E-06 
1700 800 6.31007E-08 1.90663E-06 
1700 850 6.31691E-08 1.90513E-06 
1700 900 6.30874E-08 1.90603E-06 
1700 950 6.33894E-08 1.90704E-06 
1700 1000 6.32634E-08 1.90596E-06 
1700 1050 6.32526E-08 1.90486E-06 
1700 1100 6.33543E-08 1.90443E-06 
1700 1150 6.31727E-08 1.90223E-06 
1700 1200 6.30830E-08 1.90358E-06 
1700 1250 6.32743E-08 1.90754E-06 
1700 1300 6.31837E-08 1.90095E-06 
1700 1350 6.32162E-08 1.90596E-06 
1700 1400 6.32179E-08 1.90625E-06 
1700 1450 6.31495E-08 1.90606E-06 
1700 1500 6.32176E-08 1.90318E-06 
1700 1550 6.32485E-08 1.90560E-06 
1700 1600 6.31073E-08 1.90606E-06 
1700 1650 6.32425E-08 1.90817E-06 
1700 1700 6.32313E-08 1.90334E-06 
1700 1750 6.31646E-08 1.90634E-06 
1700 1800 6.31596E-08 1.90427E-06 
1700 1850 6.30651E-08 1.90297E-06 
1700 1900 6.31785E-08 1.90844E-06 
1700 1950 6.31949E-08 1.91000E-06 
1700 2000 6.31692E-08 1.90749E-06 
1700 2050 6.31086E-08 1.90509E-06 
1750 800 6.32324E-08 1.90296E-06 
1750 850 6.30601E-08 1.90116E-06 
1750 900 6.31986E-08 1.90116E-06 
1750 950 6.31695E-08 1.89637E-06 
1750 1000 6.31214E-08 1.90386E-06 
1750 1050 6.30192E-08 1.90089E-06 
1750 1100 6.30898E-08 1.90237E-06 
1750 1150 6.32430E-08 1.89949E-06 
1750 1200 6.30151E-08 1.90404E-06 
1750 1250 6.30480E-08 1.90231E-06 
1750 1300 6.30601E-08 1.90100E-06 
1750 1350 6.31113E-08 1.90442E-06 
1750 1400 6.31656E-08 1.89953E-06 
1750 1450 6.32000E-08 1.90262E-06 
1750 1500 6.30605E-08 1.89911E-06 
1750 1550 6.30922E-08 1.90225E-06 
1750 1600 6.30394E-08 1.90460E-06 
1750 1650 6.32204E-08 1.90285E-06 
1750 1700 6.31774E-08 1.90265E-06 
1750 1750 6.30609E-08 1.89942E-06 
1750 1800 6.31125E-08 1.90086E-06 
1750 1850 6.31517E-08 1.90366E-06 
1750 1900 6.30183E-08 1.90168E-06 
1750 1950 6.30227E-08 1.90158E-06 
1750 2000 6.29635E-08 1.90099E-06 
1750 2050 6.31599E-08 1.90437E-06 
1800 800 6.28951E-08 1.89526E-06 
1800 850 6.30116E-08 1.89679E-06 
1800 900 6.32124E-08 1.89863E-06 
1800 950 6.30808E-08 1.89978E-06 
1800 1000 6.31027E-08 1.89543E-06 
1800 1050 6.29747E-08 1.89452E-06 
1800 1100 6.29505E-08 1.89947E-06 
1800 1150 6.30580E-08 1.89804E-06 
1800 1200 6.30615E-08 1.89958E-06 
1800 1250 6.29219E-08 1.89964E-06 
1800 1300 6.29592E-08 1.89689E-06 
1800 1350 6.30965E-08 1.89857E-06 
1800 1400 6.29767E-08 1.89624E-06 
1800 1450 6.30556E-08 1.90153E-06 
1800 1500 6.30560E-08 1.89985E-06 
1800 1550 6.30472E-08 1.89947E-06 
1800 1600 6.30783E-08 1.89674E-06 
1800 1650 6.30424E-08 1.89719E-06 
1800 1700 6.28581E-08 1.89743E-06 
1800 1750 6.29803E-08 1.89830E-06 
1800 1800 6.29379E-08 1.90120E-06 
1800 1850 6.29289E-08 1.89574E-06 
1800 1900 6.29295E-08 1.89622E-06 
1800 1950 6.29536E-08 1.89612E-06 
1800 2000 6.29029E-08 1.89690E-06 
1800 2050 6.28608E-08 1.89821E-06 
1850 800 6.29233E-08 1.89402E-06 
1850 850 6.29458E-08 1.89465E-06 
1850 900 6.30186E-08 1.89285E-06 
1850 950 6.29315E-08 1.89210E-06 
1850 1000 6.29803E-08 1.89119E-06 
1850 1050 6.28599E-08 1.89228E-06 
1850 1100 6.29787E-08 1.89318E-06 
1850 1150 6.31111E-08 1.89547E-06 
1850 1200 6.31360E-08 1.89688E-06 
1850 1250 6.30251E-08 1.89369E-06 
1850 1300 6.29669E-08 1.89306E-06 
1850 1350 6.30259E-08 1.89631E-06 
1850 1400 6.31732E-08 1.89073E-06 
1850 1450 6.29663E-08 1.89272E-06 
1850 1500 6.28875E-08 1.89231E-06 
1850 1550 6.30514E-08 1.89716E-06 
1850 1600 6.28595E-08 1.89265E-06 
1850 1650 6.29143E-08 1.89461E-06 
1850 1700 6.29507E-08 1.89268E-06 
1850 1750 6.28946E-08 1.89203E-06 
1850 1800 6.28220E-08 1.89748E-06 
1850 1850 6.30134E-08 1.89315E-06 
1850 1900 6.30270E-08 1.89666E-06 
1850 1950 6.30767E-08 1.89323E-06 
1850 2000 6.28339E-08 1.88993E-06 
1850 2050 6.29947E-08 1.89439E-06 
1900 800 6.28343E-08 1.88758E-06 
1900 850 6.29321E-08 1.89032E-06 
1900 900 6.28949E-08 1.88925E-06 
1900 950 6.29622E-08 1.89220E-06 
1900 1000 6.28406E-08 1.89147E-06 
1900 1050 6.28902E-08 1.89113E-06 
1900 1100 6.27045E-08 1.88973E-06 
1900 1150 6.28579E-08 1.88811E-06 
1900 1200 6.29972E-08 1.88684E-06 
1900 1250 6.26716E-08 1.89027E-06 
1900 1300 6.29339E-08 1.88715E-06 
1900 1350 6.28544E-08 1.88843E-06 
1900 1400 6.29447E-08 1.89197E-06 
1900 1450 6.29761E-08 1.89290E-06 
1900 1500 6.27500E-08 1.88867E-06 
1900 1550 6.29769E-08 1.88888E-06 
1900 1600 6.29056E-08 1.89126E-06 
1900 1650 6.29072E-08 1.88947E-06 
1900 1700 6.28441E-08 1.89077E-06 
1900 1750 6.29736E-08 1.89026E-06 
1900 1800 6.27551E-08 1.88939E-06 
1900 1850 6.28379E-08 1.88660E-06 
1900 1900 6.29461E-08 1.88954E-06 
1900 1950 6.29009E-08 1.89069E-06 
1900 2000 6.28464E-08 1.89063E-06 
1900 2050 6.28352E-08 1.88843E-06 
1950 800 6.27970E-08 1.88708E-06 
1950 850 6.26973E-08 1.88734E-06 
1950 900 6.29973E-08 1.88351E-06 
1950 950 6.27535E-08 1.88552E-06 
1950 1000 6.28734E-08 1.88511E-06 
1950 1050 6.27550E-08 1.88534E-06 
1950 1100 6.27543E-08 1.88486E-06 
1950 1150 6.28854E-08 1.88405E-06 
1950 1200 6.27867E-08 1.88311E-06 
1950 1250 6.28614E-08 1.88651E-06 
1950 1300 6.28863E-08 1.88567E-06 
1950 1350 6.28582E-08 1.88702E-06 
1950 1400 6.27300E-08 1.88142E-06 
1950 1450 6.28169E-08 1.88572E-06 
1950 1500 6.28788E-08 1.88737E-06 
1950 1550 6.28934E-08 1.88530E-06 
1950 1600 6.27905E-08 1.88622E-06 
1950 1650 6.27962E-08 1.88570E-06 
1950 1700 6.28676E-08 1.88572E-06 
1950 1750 6.27673E-08 1.88659E-06 
1950 1800 6.27438E-08 1.88499E-06 
1950 1850 6.28210E-08 1.88415E-06 
1950 1900 6.27790E-08 1.88777E-06 
1950 1950 6.29244E-08 1.88466E-06 
1950 2000 6.27771E-08 1.88425E-06 
1950 2050 6.26907E-08 1.88316E-06 
2000 800 6.27072E-08 1.88166E-06 
2000 850 6.27070E-08 1.88242E-06 
2000 900 6.27260E-08 1.88224E-06 
2000 950 6.28015E-08 1.88362E-06 
2000 1000 6.27756E-08 1.88233E-06 
2000 1050 6.27683E-08 1.88342E-06 
2000 1100 6.26629E-08 1.88449E-06 
2000 1150 6.27723E-08 1.88314E-06 
2000 1200 6.27341E-08 1.88426E-06 
2000 1250 6.27740E-08 1.88580E-06 
2000 1300 6.25748E-08 1.88036E-06 
2000 1350 6.26932E-08 1.88007E-06 
2000 1400 6.27286E-08 1.88393E-06 
2000 1450 6.27149E-08 1.88288E-06 
2000 1500 6.27048E-08 1.88362E-06 
2000 1550 6.27884E-08 1.88231E-06 
2000 1600 6.27757E-08 1.88332E-06 
2000 1650 6.27184E-08 1.88163E-06 
2000 1700 6.27780E-08 1.88086E-06 
2000 1750 6.26282E-08 1.88182E-06 
2000 1800 6.28445E-08 1.88350E-06 
2000 1850 6.27660E-08 1.87924E-06 
2000 1900 6.25441E-08 1.88513E-06 
2000 1950 6.26284E-08 1.88457E-06 
2000 2000 6.27781E-08 1.88224E-06 
2000 2050 6.26119E-08 1.88176E-06 
2050 800 6.25072E-08 1.87858E-06 
2050 850 6.25944E-08 1.87564E-06 
2050 900 6.27285E-08 1.87916E-06 
2050 950 6.27572E-08 1.87781E-06 
2050 1000 6.27705E-08 1.87980E-06 
2050 1050 6.26261E-08 1.88205E-06 
2050 1100 6.25622E-08 1.87590E-06 
2050 1150 6.26747E-08 1.87846E-06 
2050 1200 6.27211E-08 1.88019E-06 
2050 1250 6.26831E-08 1.87915E-06 
2050 1300 6.25796E-08 1.87764E-06 
2050 1350 6.27458E-08 1.87745E-06 
2050 1400 6.26640E-08 1.87789E-06 
2050 1450 6.25683E-08 1.87642E-06 
2050 1500 6.27279E-08 1.87846E-06 
2050 1550 6.27593E-08 1.87561E-06 
2050 1600 6.27172E-08 1.88070E-06 
2050 1650 6.26286E-08 1.87430E-06 
2050 1700 6.26278E-08 1.87558E-06 
2050 1750 6.27193E-08 1.87716E-06 
2050 1800 6.26009E-08 1.87405E-06 
2050 1850 6.26988E-08 1.87264E-06 
2050 1900 6.26611E-08 1.87620E-06 
2050 1950 6.27151E-08 1.87905E-06 
2050 2000 6.26179E-08 1.88311E-06 
2050 2050 6.25981E-08 1.87814E-06 
