800 800 3.87968E-01 2.03339E-03 1.76296E-03 4.42985E-01 
800 850 3.87887E-01 2.00163E-03 1.75561E-03 4.42941E-01 
800 900 3.87924E-01 2.04122E-03 1.76513E-03 4.42994E-01 
800 950 3.87926E-01 2.04293E-03 1.76261E-03 4.42941E-01 
800 1000 3.87933E-01 2.03167E-03 1.76546E-03 4.43018E-01 
800 1050 3.87919E-01 2.06438E-03 1.75802E-03 4.42917E-01 
800 1100 3.87979E-01 2.03994E-03 1.75987E-03 4.42954E-01 
800 1150 3.87997E-01 1.99277E-03 1.75647E-03 4.43024E-01 
800 1200 3.87951E-01 2.01285E-03 1.75288E-03 4.43011E-01 
800 1250 3.88006E-01 1.98445E-03 1.76527E-03 4.43027E-01 
800 1300 3.88019E-01 1.97104E-03 1.76432E-03 4.43020E-01 
800 1350 3.88020E-01 2.05982E-03 1.76436E-03 4.42907E-01 
800 1400 3.87960E-01 2.02676E-03 1.76454E-03 4.42976E-01 
800 1450 3.87990E-01 2.01905E-03 1.74734E-03 4.42989E-01 
800 1500 3.88016E-01 2.01804E-03 1.75213E-03 4.42980E-01 
800 1550 3.87975E-01 2.03872E-03 1.76485E-03 4.42947E-01 
800 1600 3.88028E-01 1.99474E-03 1.76089E-03 4.43025E-01 
800 1650 3.87992E-01 2.00524E-03 1.75494E-03 4.42973E-01 
800 1700 3.87984E-01 2.03565E-03 1.75687E-03 4.42961E-01 
800 1750 3.87988E-01 2.03195E-03 1.75956E-03 4.42979E-01 
800 1800 3.87969E-01 2.06541E-03 1.76205E-03 4.42951E-01 
800 1850 3.88083E-01 2.01163E-03 1.75688E-03 4.42994E-01 
800 1900 3.87938E-01 2.01521E-03 1.75314E-03 4.43004E-01 
800 1950 3.87991E-01 2.01517E-03 1.76258E-03 4.43012E-01 
800 2000 3.88003E-01 1.98853E-03 1.75835E-03 4.43070E-01 
800 2050 3.88021E-01 2.02078E-03 1.76291E-03 4.42978E-01 
850 800 3.87927E-01 2.05817E-03 1.76559E-03 4.42857E-01 
850 850 3.87882E-01 2.00982E-03 1.75932E-03 4.42988E-01 
850 900 3.87973E-01 2.02345E-03 1.75654E-03 4.42938E-01 
850 950 3.87963E-01 2.01435E-03 1.76242E-03 4.42963E-01 
850 1000 3.87902E-01 2.03982E-03 1.75378E-03 4.42921E-01 
850 1050 3.87923E-01 2.06326E-03 1.75533E-03 4.42902E-01 
850 1100 3.87879E-01 2.02309E-03 1.75518E-03 4.42932E-01 
850 1150 3.87916E-01 2.05351E-03 1.76236E-03 4.42925E-01 
850 1200 3.87926E-01 2.03392E-03 1.74901E-03 4.42909E-01 
850 1250 3.87785E-01 2.06334E-03 1.76054E-03 4.42901E-01 
850 1300 3.88033E-01 2.06301E-03 1.76151E-03 4.42908E-01 
850 1350 3.88003E-01 2.01553E-03 1.76617E-03 4.42946E-01 
850 1400 3.87996E-01 2.05569E-03 1.75700E-03 4.42834E-01 
850 1450 3.87984E-01 2.04750E-03 1.75265E-03 4.42926E-01 
850 1500 3.87956E-01 2.01726E-03 1.76516E-03 4.42948E-01 
850 1550 3.87959E-01 2.04526E-03 1.75131E-03 4.42884E-01 
850 1600 3.87817E-01 2.05682E-03 1.74848E-03 4.42923E-01 
850 1650 3.87942E-01 2.03583E-03 1.76021E-03 4.42923E-01 
850 1700 3.88041E-01 2.04503E-03 1.75645E-03 4.42894E-01 
850 1750 3.87970E-01 2.00867E-03 1.75310E-03 4.42942E-01 
850 1800 3.87980E-01 2.02251E-03 1.74937E-03 4.42951E-01 
850 1850 3.87975E-01 2.04528E-03 1.75152E-03 4.42891E-01 
850 1900 3.87942E-01 2.00223E-03 1.75129E-03 4.42958E-01 
850 1950 3.87917E-01 2.02474E-03 1.74862E-03 4.42969E-01 
850 2000 3.87946E-01 2.04199E-03 1.75676E-03 4.42955E-01 
850 2050 3.88000E-01 2.01332E-03 1.75667E-03 4.42972E-01 
900 800 3.87888E-01 2.05229E-03 1.75192E-03 4.42880E-01 
900 850 3.87861E-01 2.02996E-03 1.75439E-03 4.42897E-01 
900 900 3.87967E-01 2.06554E-03 1.75493E-03 4.42860E-01 
900 950 3.87754E-01 2.02685E-03 1.75375E-03 4.42852E-01 
900 1000 3.87837E-01 2.05428E-03 1.75574E-03 4.42885E-01 
900 1050 3.87923E-01 2.04956E-03 1.76221E-03 4.42828E-01 
900 1100 3.87905E-01 2.02493E-03 1.75358E-03 4.42900E-01 
900 1150 3.87891E-01 2.05860E-03 1.76162E-03 4.42849E-01 
900 1200 3.87826E-01 2.04825E-03 1.75645E-03 4.42818E-01 
900 1250 3.87949E-01 1.99557E-03 1.74557E-03 4.42904E-01 
900 1300 3.87844E-01 2.02818E-03 1.75392E-03 4.42869E-01 
900 1350 3.87927E-01 2.05241E-03 1.74936E-03 4.42876E-01 
900 1400 3.87860E-01 2.02238E-03 1.74189E-03 4.42925E-01 
900 1450 3.87926E-01 2.04746E-03 1.75976E-03 4.42888E-01 
900 1500 3.87921E-01 2.04760E-03 1.76125E-03 4.42878E-01 
900 1550 3.87968E-01 2.03057E-03 1.76113E-03 4.42928E-01 
900 1600 3.87864E-01 2.01891E-03 1.74646E-03 4.42886E-01 
900 1650 3.87921E-01 2.05107E-03 1.75674E-03 4.42846E-01 
900 1700 3.87798E-01 2.02109E-03 1.74967E-03 4.42923E-01 
900 1750 3.87879E-01 2.04900E-03 1.74966E-03 4.42895E-01 
900 1800 3.87849E-01 2.04490E-03 1.75868E-03 4.42887E-01 
900 1850 3.87881E-01 2.06675E-03 1.74672E-03 4.42847E-01 
900 1900 3.87988E-01 2.00879E-03 1.75082E-03 4.42906E-01 
900 1950 3.87830E-01 2.05890E-03 1.75651E-03 4.42819E-01 
900 2000 3.87926E-01 2.02998E-03 1.74951E-03 4.42889E-01 
900 2050 3.87975E-01 2.03383E-03 1.75290E-03 4.42910E-01 
950 800 3.87805E-01 1.98653E-03 1.74646E-03 4.42923E-01 
950 850 3.87790E-01 2.06269E-03 1.75051E-03 4.42823E-01 
950 900 3.87785E-01 2.02871E-03 1.74767E-03 4.42860E-01 
950 950 3.87801E-01 2.05152E-03 1.74510E-03 4.42823E-01 
950 1000 3.87843E-01 2.01606E-03 1.74908E-03 4.42835E-01 
950 1050 3.87797E-01 2.04354E-03 1.75384E-03 4.42809E-01 
950 1100 3.87812E-01 2.09841E-03 1.75040E-03 4.42776E-01 
950 1150 3.87873E-01 2.01378E-03 1.75770E-03 4.42869E-01 
950 1200 3.87894E-01 2.04495E-03 1.74941E-03 4.42821E-01 
950 1250 3.87778E-01 2.02068E-03 1.73603E-03 4.42871E-01 
950 1300 3.87801E-01 2.05568E-03 1.74696E-03 4.42854E-01 
950 1350 3.87854E-01 2.07443E-03 1.74874E-03 4.42769E-01 
950 1400 3.87875E-01 2.03366E-03 1.75360E-03 4.42825E-01 
950 1450 3.87860E-01 2.02013E-03 1.74598E-03 4.42833E-01 
950 1500 3.87714E-01 2.03019E-03 1.74721E-03 4.42838E-01 
950 1550 3.87820E-01 2.05109E-03 1.73896E-03 4.42814E-01 
950 1600 3.87877E-01 2.03024E-03 1.74549E-03 4.42838E-01 
950 1650 3.87834E-01 2.05411E-03 1.74737E-03 4.42822E-01 
950 1700 3.87849E-01 1.99595E-03 1.74145E-03 4.42906E-01 
950 1750 3.87882E-01 2.02887E-03 1.74804E-03 4.42862E-01 
950 1800 3.87835E-01 2.05430E-03 1.74991E-03 4.42826E-01 
950 1850 3.87904E-01 2.04800E-03 1.74559E-03 4.42859E-01 
950 1900 3.87933E-01 2.07956E-03 1.74838E-03 4.42813E-01 
950 1950 3.87929E-01 2.04429E-03 1.74383E-03 4.42854E-01 
950 2000 3.87755E-01 2.03285E-03 1.74142E-03 4.42846E-01 
950 2050 3.87886E-01 2.01797E-03 1.75092E-03 4.42847E-01 
1000 800 3.87766E-01 2.01765E-03 1.74319E-03 4.42793E-01 
1000 850 3.87881E-01 2.05999E-03 1.75165E-03 4.42782E-01 
1000 900 3.87846E-01 2.09201E-03 1.74225E-03 4.42738E-01 
1000 950 3.87890E-01 2.00813E-03 1.74196E-03 4.42779E-01 
1000 1000 3.87862E-01 2.06304E-03 1.75315E-03 4.42798E-01 
1000 1050 3.87886E-01 2.05311E-03 1.75406E-03 4.42774E-01 
1000 1100 3.87744E-01 2.04781E-03 1.73863E-03 4.42790E-01 
1000 1150 3.87881E-01 2.04038E-03 1.75013E-03 4.42801E-01 
1000 1200 3.87770E-01 2.02025E-03 1.74778E-03 4.42802E-01 
1000 1250 3.87838E-01 2.05389E-03 1.74938E-03 4.42762E-01 
1000 1300 3.87829E-01 2.03609E-03 1.74960E-03 4.42781E-01 
1000 1350 3.87851E-01 2.05144E-03 1.76030E-03 4.42800E-01 
1000 1400 3.87738E-01 2.06178E-03 1.74220E-03 4.42761E-01 
1000 1450 3.87793E-01 2.06390E-03 1.74214E-03 4.42725E-01 
1000 1500 3.87950E-01 2.08711E-03 1.75658E-03 4.42743E-01 
1000 1550 3.87829E-01 2.04697E-03 1.75224E-03 4.42799E-01 
1000 1600 3.87839E-01 2.03480E-03 1.74457E-03 4.42807E-01 
1000 1650 3.87806E-01 2.06422E-03 1.74413E-03 4.42778E-01 
1000 1700 3.87787E-01 2.01314E-03 1.73059E-03 4.42822E-01 
1000 1750 3.87904E-01 2.07437E-03 1.75009E-03 4.42768E-01 
1000 1800 3.87814E-01 2.05703E-03 1.74247E-03 4.42794E-01 
1000 1850 3.87800E-01 2.04161E-03 1.74665E-03 4.42796E-01 
1000 1900 3.87872E-01 2.04910E-03 1.74832E-03 4.42799E-01 
1000 1950 3.87806E-01 2.04937E-03 1.74480E-03 4.42825E-01 
1000 2000 3.87882E-01 2.04460E-03 1.74525E-03 4.42767E-01 
1000 2050 3.87856E-01 2.03245E-03 1.74364E-03 4.42801E-01 
1050 800 3.87747E-01 2.01533E-03 1.73851E-03 4.42779E-01 
1050 850 3.87664E-01 2.07236E-03 1.73364E-03 4.42723E-01 
1050 900 3.87873E-01 2.04615E-03 1.74695E-03 4.42751E-01 
1050 950 3.87807E-01 2.00923E-03 1.75542E-03 4.42784E-01 
1050 1000 3.87831E-01 2.08051E-03 1.75253E-03 4.42728E-01 
1050 1050 3.87779E-01 2.04756E-03 1.74423E-03 4.42735E-01 
1050 1100 3.87766E-01 2.00309E-03 1.74778E-03 4.42793E-01 
1050 1150 3.87776E-01 2.04074E-03 1.74027E-03 4.42758E-01 
1050 1200 3.87761E-01 2.04010E-03 1.73656E-03 4.42776E-01 
1050 1250 3.87735E-01 2.01781E-03 1.74117E-03 4.42806E-01 
1050 1300 3.87698E-01 2.02354E-03 1.74143E-03 4.42804E-01 
1050 1350 3.87768E-01 2.01975E-03 1.74116E-03 4.42769E-01 
1050 1400 3.87598E-01 2.10386E-03 1.74350E-03 4.42706E-01 
1050 1450 3.87803E-01 2.03709E-03 1.73794E-03 4.42715E-01 
1050 1500 3.87755E-01 2.07754E-03 1.74822E-03 4.42720E-01 
1050 1550 3.87854E-01 2.02937E-03 1.74368E-03 4.42763E-01 
1050 1600 3.87719E-01 2.02789E-03 1.73551E-03 4.42763E-01 
1050 1650 3.87795E-01 2.05669E-03 1.75429E-03 4.42741E-01 
1050 1700 3.87744E-01 2.04248E-03 1.74750E-03 4.42721E-01 
1050 1750 3.87898E-01 2.07402E-03 1.74461E-03 4.42713E-01 
1050 1800 3.87849E-01 2.05498E-03 1.74238E-03 4.42746E-01 
1050 1850 3.87772E-01 2.02742E-03 1.74344E-03 4.42767E-01 
1050 1900 3.87915E-01 2.05230E-03 1.74820E-03 4.42728E-01 
1050 1950 3.87775E-01 2.03779E-03 1.74015E-03 4.42765E-01 
1050 2000 3.87825E-01 2.06850E-03 1.73637E-03 4.42740E-01 
1050 2050 3.87785E-01 2.04978E-03 1.74021E-03 4.42749E-01 
1100 800 3.87663E-01 2.05377E-03 1.74128E-03 4.42724E-01 
1100 850 3.87713E-01 2.06778E-03 1.74716E-03 4.42666E-01 
1100 900 3.87730E-01 2.09301E-03 1.74217E-03 4.42713E-01 
1100 950 3.87688E-01 2.02413E-03 1.74627E-03 4.42789E-01 
1100 1000 3.87745E-01 2.00600E-03 1.73971E-03 4.42749E-01 
1100 1050 3.87721E-01 2.02438E-03 1.74239E-03 4.42750E-01 
1100 1100 3.87728E-01 2.01805E-03 1.74049E-03 4.42760E-01 
1100 1150 3.87743E-01 2.06204E-03 1.74243E-03 4.42731E-01 
1100 1200 3.87679E-01 2.04641E-03 1.73836E-03 4.42713E-01 
1100 1250 3.87699E-01 2.05967E-03 1.74243E-03 4.42717E-01 
1100 1300 3.87789E-01 2.07383E-03 1.74203E-03 4.42735E-01 
1100 1350 3.87715E-01 2.07326E-03 1.74450E-03 4.42664E-01 
1100 1400 3.87804E-01 2.04582E-03 1.73973E-03 4.42722E-01 
1100 1450 3.87679E-01 2.07284E-03 1.73210E-03 4.42658E-01 
1100 1500 3.87781E-01 2.06465E-03 1.74714E-03 4.42654E-01 
1100 1550 3.87781E-01 2.05452E-03 1.74498E-03 4.42693E-01 
1100 1600 3.87796E-01 2.10021E-03 1.74640E-03 4.42650E-01 
1100 1650 3.87778E-01 2.04030E-03 1.73991E-03 4.42728E-01 
1100 1700 3.87758E-01 2.04879E-03 1.74012E-03 4.42754E-01 
1100 1750 3.87671E-01 2.04305E-03 1.74602E-03 4.42732E-01 
1100 1800 3.87587E-01 2.04719E-03 1.73222E-03 4.42757E-01 
1100 1850 3.87851E-01 2.05138E-03 1.73949E-03 4.42740E-01 
1100 1900 3.87787E-01 2.09676E-03 1.74323E-03 4.42655E-01 
1100 1950 3.87738E-01 2.05941E-03 1.74548E-03 4.42734E-01 
1100 2000 3.87783E-01 2.05257E-03 1.73691E-03 4.42720E-01 
1100 2050 3.87735E-01 2.07164E-03 1.73825E-03 4.42680E-01 
1150 800 3.87707E-01 2.06278E-03 1.74288E-03 4.42662E-01 
1150 850 3.87589E-01 2.04221E-03 1.73964E-03 4.42726E-01 
1150 900 3.87616E-01 2.05757E-03 1.74633E-03 4.42666E-01 
1150 950 3.87732E-01 2.05314E-03 1.75238E-03 4.42651E-01 
1150 1000 3.87666E-01 2.06209E-03 1.74800E-03 4.42677E-01 
1150 1050 3.87667E-01 2.06252E-03 1.75382E-03 4.42637E-01 
1150 1100 3.87725E-01 2.09939E-03 1.74227E-03 4.42573E-01 
1150 1150 3.87738E-01 2.05360E-03 1.74152E-03 4.42656E-01 
1150 1200 3.87742E-01 2.07139E-03 1.73699E-03 4.42658E-01 
1150 1250 3.87660E-01 2.08248E-03 1.74425E-03 4.42655E-01 
1150 1300 3.87686E-01 2.07226E-03 1.73043E-03 4.42658E-01 
1150 1350 3.87733E-01 2.03107E-03 1.74922E-03 4.42694E-01 
1150 1400 3.87778E-01 2.05322E-03 1.73848E-03 4.42713E-01 
1150 1450 3.87773E-01 2.04765E-03 1.74166E-03 4.42639E-01 
1150 1500 3.87604E-01 2.08704E-03 1.73703E-03 4.42649E-01 
1150 1550 3.87774E-01 2.04679E-03 1.74372E-03 4.42681E-01 
1150 1600 3.87675E-01 2.00275E-03 1.73451E-03 4.42714E-01 
1150 1650 3.87678E-01 2.04605E-03 1.74291E-03 4.42683E-01 
1150 1700 3.87673E-01 2.06174E-03 1.73428E-03 4.42652E-01 
1150 1750 3.87732E-01 2.04007E-03 1.74458E-03 4.42719E-01 
1150 1800 3.87712E-01 2.04678E-03 1.74386E-03 4.42678E-01 
1150 1850 3.87678E-01 2.04582E-03 1.72950E-03 4.42676E-01 
1150 1900 3.87791E-01 2.05709E-03 1.74218E-03 4.42687E-01 
1150 1950 3.87718E-01 2.05993E-03 1.73755E-03 4.42652E-01 
1150 2000 3.87641E-01 2.09274E-03 1.73290E-03 4.42642E-01 
1150 2050 3.87691E-01 2.08545E-03 1.73444E-03 4.42648E-01 
1200 800 3.87618E-01 2.07133E-03 1.73403E-03 4.42616E-01 
1200 850 3.87599E-01 2.06726E-03 1.72983E-03 4.42616E-01 
1200 900 3.87640E-01 2.10791E-03 1.74366E-03 4.42571E-01 
1200 950 3.87667E-01 2.05409E-03 1.74063E-03 4.42666E-01 
1200 1000 3.87637E-01 2.05210E-03 1.74104E-03 4.42642E-01 
1200 1050 3.87532E-01 2.11079E-03 1.73509E-03 4.42554E-01 
1200 1100 3.87757E-01 2.05634E-03 1.73894E-03 4.42616E-01 
1200 1150 3.87718E-01 2.08156E-03 1.74374E-03 4.42602E-01 
1200 1200 3.87643E-01 2.05382E-03 1.74524E-03 4.42622E-01 
1200 1250 3.87675E-01 2.09624E-03 1.73864E-03 4.42589E-01 
1200 1300 3.87608E-01 2.05636E-03 1.73759E-03 4.42624E-01 
1200 1350 3.87792E-01 2.06262E-03 1.74748E-03 4.42635E-01 
1200 1400 3.87753E-01 2.06792E-03 1.73459E-03 4.42592E-01 
1200 1450 3.87784E-01 2.05470E-03 1.73678E-03 4.42628E-01 
1200 1500 3.87690E-01 2.07504E-03 1.73994E-03 4.42590E-01 
1200 1550 3.87667E-01 2.08286E-03 1.74135E-03 4.42637E-01 
1200 1600 3.87606E-01 2.03929E-03 1.73558E-03 4.42614E-01 
1200 1650 3.87730E-01 2.08397E-03 1.73863E-03 4.42618E-01 
1200 1700 3.87713E-01 2.04571E-03 1.73966E-03 4.42647E-01 
1200 1750 3.87734E-01 2.06576E-03 1.73547E-03 4.42603E-01 
1200 1800 3.87693E-01 2.04394E-03 1.74194E-03 4.42662E-01 
1200 1850 3.87680E-01 2.05662E-03 1.73879E-03 4.42637E-01 
1200 1900 3.87713E-01 2.06594E-03 1.73720E-03 4.42628E-01 
1200 1950 3.87716E-01 2.07047E-03 1.73323E-03 4.42603E-01 
1200 2000 3.87732E-01 2.04221E-03 1.73243E-03 4.42644E-01 
1200 2050 3.87702E-01 2.10160E-03 1.73679E-03 4.42588E-01 
1250 800 3.87688E-01 2.02206E-03 1.73213E-03 4.42635E-01 
1250 850 3.87526E-01 2.09314E-03 1.73602E-03 4.42543E-01 
1250 900 3.87577E-01 2.14012E-03 1.74161E-03 4.42515E-01 
1250 950 3.87594E-01 2.07757E-03 1.73933E-03 4.42534E-01 
1250 1000 3.87584E-01 2.09721E-03 1.72656E-03 4.42570E-01 
1250 1050 3.87552E-01 2.06395E-03 1.73547E-03 4.42592E-01 
1250 1100 3.87592E-01 2.09871E-03 1.73592E-03 4.42558E-01 
1250 1150 3.87611E-01 2.05280E-03 1.74108E-03 4.42638E-01 
1250 1200 3.87628E-01 2.08036E-03 1.73527E-03 4.42587E-01 
1250 1250 3.87617E-01 2.08040E-03 1.74135E-03 4.42564E-01 
1250 1300 3.87584E-01 2.04559E-03 1.73750E-03 4.42558E-01 
1250 1350 3.87542E-01 2.04047E-03 1.74437E-03 4.42623E-01 
1250 1400 3.87633E-01 2.06479E-03 1.73674E-03 4.42556E-01 
1250 1450 3.87585E-01 2.05435E-03 1.73120E-03 4.42651E-01 
1250 1500 3.87672E-01 2.06130E-03 1.72873E-03 4.42608E-01 
1250 1550 3.87541E-01 2.07129E-03 1.73617E-03 4.42598E-01 
1250 1600 3.87640E-01 2.07297E-03 1.73184E-03 4.42624E-01 
1250 1650 3.87666E-01 2.08263E-03 1.73459E-03 4.42528E-01 
1250 1700 3.87732E-01 2.08031E-03 1.74404E-03 4.42592E-01 
1250 1750 3.87659E-01 2.09136E-03 1.73579E-03 4.42528E-01 
1250 1800 3.87649E-01 2.06797E-03 1.73052E-03 4.42613E-01 
1250 1850 3.87689E-01 2.03629E-03 1.72834E-03 4.42654E-01 
1250 1900 3.87629E-01 2.04407E-03 1.73482E-03 4.42611E-01 
1250 1950 3.87581E-01 2.04583E-03 1.72742E-03 4.42589E-01 
1250 2000 3.87679E-01 2.04963E-03 1.72632E-03 4.42623E-01 
1250 2050 3.87747E-01 2.08698E-03 1.74320E-03 4.42576E-01 
1300 800 3.87591E-01 2.03279E-03 1.72625E-03 4.42603E-01 
1300 850 3.87585E-01 2.10543E-03 1.73894E-03 4.42538E-01 
1300 900 3.87685E-01 2.08892E-03 1.73926E-03 4.42536E-01 
1300 950 3.87665E-01 2.06373E-03 1.74361E-03 4.42560E-01 
1300 1000 3.87518E-01 2.03469E-03 1.74196E-03 4.42605E-01 
1300 1050 3.87575E-01 2.09328E-03 1.74170E-03 4.42534E-01 
1300 1100 3.87650E-01 2.12552E-03 1.74111E-03 4.42482E-01 
1300 1150 3.87685E-01 2.03913E-03 1.73932E-03 4.42590E-01 
1300 1200 3.87637E-01 2.03742E-03 1.73575E-03 4.42577E-01 
1300 1250 3.87450E-01 2.07844E-03 1.73132E-03 4.42518E-01 
1300 1300 3.87585E-01 2.10956E-03 1.73100E-03 4.42503E-01 
1300 1350 3.87478E-01 2.07310E-03 1.73426E-03 4.42548E-01 
1300 1400 3.87625E-01 2.08455E-03 1.74262E-03 4.42548E-01 
1300 1450 3.87490E-01 2.09195E-03 1.72861E-03 4.42532E-01 
1300 1500 3.87645E-01 2.11937E-03 1.73481E-03 4.42458E-01 
1300 1550 3.87594E-01 2.09759E-03 1.73657E-03 4.42516E-01 
1300 1600 3.87686E-01 2.06928E-03 1.73249E-03 4.42556E-01 
1300 1650 3.87598E-01 2.05943E-03 1.73345E-03 4.42572E-01 
1300 1700 3.87674E-01 2.09512E-03 1.74690E-03 4.42544E-01 
1300 1750 3.87638E-01 2.06972E-03 1.73358E-03 4.42574E-01 
1300 1800 3.87591E-01 2.10418E-03 1.74130E-03 4.42472E-01 
1300 1850 3.87541E-01 2.06069E-03 1.73307E-03 4.42564E-01 
1300 1900 3.87585E-01 2.06421E-03 1.73354E-03 4.42542E-01 
1300 1950 3.87654E-01 2.05856E-03 1.73850E-03 4.42538E-01 
1300 2000 3.87577E-01 2.08373E-03 1.73016E-03 4.42537E-01 
1300 2050 3.87667E-01 2.07131E-03 1.73541E-03 4.42535E-01 
1350 800 3.87592E-01 2.11448E-03 1.73147E-03 4.42461E-01 
1350 850 3.87529E-01 2.09478E-03 1.74247E-03 4.42484E-01 
1350 900 3.87551E-01 2.09742E-03 1.73319E-03 4.42451E-01 
1350 950 3.87584E-01 2.10172E-03 1.74306E-03 4.42477E-01 
1350 1000 3.87588E-01 2.12370E-03 1.73164E-03 4.42466E-01 
1350 1050 3.87613E-01 2.10385E-03 1.73846E-03 4.42464E-01 
1350 1100 3.87572E-01 2.10731E-03 1.73539E-03 4.42476E-01 
1350 1150 3.87608E-01 2.07620E-03 1.72361E-03 4.42509E-01 
1350 1200 3.87623E-01 2.12189E-03 1.74399E-03 4.42477E-01 
1350 1250 3.87626E-01 2.12485E-03 1.74643E-03 4.42476E-01 
1350 1300 3.87583E-01 2.11246E-03 1.73161E-03 4.42490E-01 
1350 1350 3.87461E-01 2.08271E-03 1.73114E-03 4.42527E-01 
1350 1400 3.87428E-01 2.08737E-03 1.73493E-03 4.42458E-01 
1350 1450 3.87597E-01 2.05844E-03 1.73989E-03 4.42492E-01 
1350 1500 3.87569E-01 2.05886E-03 1.73515E-03 4.42544E-01 
1350 1550 3.87549E-01 2.07098E-03 1.72864E-03 4.42481E-01 
1350 1600 3.87564E-01 2.07731E-03 1.72767E-03 4.42507E-01 
1350 1650 3.87587E-01 2.05249E-03 1.73319E-03 4.42534E-01 
1350 1700 3.87496E-01 2.06773E-03 1.72763E-03 4.42487E-01 
1350 1750 3.87563E-01 2.09914E-03 1.73198E-03 4.42478E-01 
1350 1800 3.87599E-01 2.07302E-03 1.73430E-03 4.42506E-01 
1350 1850 3.87566E-01 2.08027E-03 1.73091E-03 4.42479E-01 
1350 1900 3.87538E-01 2.06649E-03 1.72805E-03 4.42542E-01 
1350 1950 3.87538E-01 2.07961E-03 1.72620E-03 4.42542E-01 
1350 2000 3.87623E-01 2.09813E-03 1.73598E-03 4.42498E-01 
1350 2050 3.87548E-01 2.08160E-03 1.72471E-03 4.42501E-01 
1400 800 3.87484E-01 2.10907E-03 1.73704E-03 4.42423E-01 
1400 850 3.87491E-01 2.14187E-03 1.74385E-03 4.42365E-01 
1400 900 3.87518E-01 2.07859E-03 1.72536E-03 4.42422E-01 
1400 950 3.87532E-01 2.10938E-03 1.73207E-03 4.42436E-01 
1400 1000 3.87537E-01 2.08887E-03 1.72789E-03 4.42485E-01 
1400 1050 3.87543E-01 2.12966E-03 1.74285E-03 4.42416E-01 
1400 1100 3.87581E-01 2.05873E-03 1.72813E-03 4.42512E-01 
1400 1150 3.87504E-01 2.08561E-03 1.73257E-03 4.42460E-01 
1400 1200 3.87531E-01 2.04605E-03 1.72867E-03 4.42531E-01 
1400 1250 3.87513E-01 2.12555E-03 1.73836E-03 4.42400E-01 
1400 1300 3.87473E-01 2.05827E-03 1.73108E-03 4.42505E-01 
1400 1350 3.87642E-01 2.06820E-03 1.74007E-03 4.42478E-01 
1400 1400 3.87489E-01 2.10973E-03 1.73918E-03 4.42452E-01 
1400 1450 3.87516E-01 2.08086E-03 1.73440E-03 4.42438E-01 
1400 1500 3.87498E-01 2.12507E-03 1.73692E-03 4.42410E-01 
1400 1550 3.87569E-01 2.08021E-03 1.73492E-03 4.42487E-01 
1400 1600 3.87536E-01 2.08829E-03 1.73886E-03 4.42469E-01 
1400 1650 3.87528E-01 2.10179E-03 1.73730E-03 4.42433E-01 
1400 1700 3.87538E-01 2.06778E-03 1.72772E-03 4.42491E-01 
1400 1750 3.87583E-01 2.08949E-03 1.72896E-03 4.42458E-01 
1400 1800 3.87643E-01 2.09840E-03 1.73508E-03 4.42455E-01 
1400 1850 3.87563E-01 2.07234E-03 1.72919E-03 4.42478E-01 
1400 1900 3.87557E-01 2.14125E-03 1.72562E-03 4.42381E-01 
1400 1950 3.87554E-01 2.09462E-03 1.73598E-03 4.42467E-01 
1400 2000 3.87581E-01 2.07672E-03 1.73057E-03 4.42440E-01 
1400 2050 3.87600E-01 2.08780E-03 1.73237E-03 4.42475E-01 
1450 800 3.87550E-01 2.08465E-03 1.74501E-03 4.42417E-01 
1450 850 3.87427E-01 2.08537E-03 1.72655E-03 4.42437E-01 
1450 900 3.87397E-01 2.13310E-03 1.73365E-03 4.42357E-01 
1450 950 3.87588E-01 2.12157E-03 1.74405E-03 4.42378E-01 
1450 1000 3.87504E-01 2.08690E-03 1.73220E-03 4.42453E-01 
1450 1050 3.87477E-01 2.05725E-03 1.73101E-03 4.42471E-01 
1450 1100 3.87466E-01 2.08967E-03 1.73280E-03 4.42473E-01 
1450 1150 3.87512E-01 2.13347E-03 1.73506E-03 4.42365E-01 
1450 1200 3.87583E-01 2.10242E-03 1.73892E-03 4.42420E-01 
1450 1250 3.87477E-01 2.08071E-03 1.73204E-03 4.42398E-01 
1450 1300 3.87544E-01 2.12952E-03 1.73204E-03 4.42357E-01 
1450 1350 3.87514E-01 2.09121E-03 1.73939E-03 4.42459E-01 
1450 1400 3.87531E-01 2.06392E-03 1.73671E-03 4.42469E-01 
1450 1450 3.87579E-01 2.12309E-03 1.72622E-03 4.42391E-01 
1450 1500 3.87550E-01 2.08049E-03 1.73647E-03 4.42420E-01 
1450 1550 3.87535E-01 2.06726E-03 1.73048E-03 4.42431E-01 
1450 1600 3.87514E-01 2.07881E-03 1.72401E-03 4.42415E-01 
1450 1650 3.87582E-01 2.09135E-03 1.73885E-03 4.42411E-01 
1450 1700 3.87488E-01 2.10713E-03 1.73332E-03 4.42420E-01 
1450 1750 3.87454E-01 2.08725E-03 1.72899E-03 4.42414E-01 
1450 1800 3.87524E-01 2.13298E-03 1.73397E-03 4.42357E-01 
1450 1850 3.87584E-01 2.07392E-03 1.73117E-03 4.42416E-01 
1450 1900 3.87496E-01 2.09633E-03 1.73208E-03 4.42449E-01 
1450 1950 3.87599E-01 2.09162E-03 1.73766E-03 4.42437E-01 
1450 2000 3.87526E-01 2.09684E-03 1.73230E-03 4.42420E-01 
1450 2050 3.87508E-01 2.11447E-03 1.73367E-03 4.42417E-01 
1500 800 3.87603E-01 2.09198E-03 1.73965E-03 4.42392E-01 
1500 850 3.87485E-01 2.09012E-03 1.73732E-03 4.42359E-01 
1500 900 3.87556E-01 2.10581E-03 1.73483E-03 4.42347E-01 
1500 950 3.87546E-01 2.09103E-03 1.74144E-03 4.42386E-01 
1500 1000 3.87497E-01 2.09699E-03 1.73326E-03 4.42384E-01 
1500 1050 3.87410E-01 2.13830E-03 1.73349E-03 4.42307E-01 
1500 1100 3.87486E-01 2.13392E-03 1.73879E-03 4.42337E-01 
1500 1150 3.87386E-01 2.09224E-03 1.73870E-03 4.42381E-01 
1500 1200 3.87468E-01 2.07790E-03 1.73426E-03 4.42391E-01 
1500 1250 3.87434E-01 2.14781E-03 1.73656E-03 4.42290E-01 
1500 1300 3.87543E-01 2.07216E-03 1.74095E-03 4.42428E-01 
1500 1350 3.87534E-01 2.08647E-03 1.73160E-03 4.42353E-01 
1500 1400 3.87464E-01 2.10891E-03 1.73322E-03 4.42413E-01 
1500 1450 3.87444E-01 2.14178E-03 1.73081E-03 4.42296E-01 
1500 1500 3.87525E-01 2.12159E-03 1.73469E-03 4.42306E-01 
1500 1550 3.87502E-01 2.11976E-03 1.73733E-03 4.42354E-01 
1500 1600 3.87503E-01 2.09877E-03 1.73237E-03 4.42361E-01 
1500 1650 3.87533E-01 2.11104E-03 1.74163E-03 4.42383E-01 
1500 1700 3.87598E-01 2.05636E-03 1.73544E-03 4.42442E-01 
1500 1750 3.87539E-01 2.06457E-03 1.73673E-03 4.42418E-01 
1500 1800 3.87336E-01 2.11334E-03 1.72312E-03 4.42354E-01 
1500 1850 3.87493E-01 2.11727E-03 1.73333E-03 4.42364E-01 
1500 1900 3.87449E-01 2.11908E-03 1.73332E-03 4.42386E-01 
1500 1950 3.87513E-01 2.11697E-03 1.73785E-03 4.42371E-01 
1500 2000 3.87498E-01 2.08367E-03 1.72862E-03 4.42385E-01 
1500 2050 3.87509E-01 2.09599E-03 1.73550E-03 4.42428E-01 
1550 800 3.87465E-01 2.11133E-03 1.73333E-03 4.42362E-01 
1550 850 3.87364E-01 2.09783E-03 1.72773E-03 4.42346E-01 
1550 900 3.87442E-01 2.13126E-03 1.73339E-03 4.42271E-01 
1550 950 3.87464E-01 2.12135E-03 1.74116E-03 4.42341E-01 
1550 1000 3.87449E-01 2.09323E-03 1.73833E-03 4.42358E-01 
1550 1050 3.87392E-01 2.09284E-03 1.74079E-03 4.42362E-01 
1550 1100 3.87411E-01 2.12388E-03 1.73596E-03 4.42330E-01 
1550 1150 3.87398E-01 2.11430E-03 1.73654E-03 4.42343E-01 
1550 1200 3.87383E-01 2.11889E-03 1.72585E-03 4.42327E-01 
1550 1250 3.87516E-01 2.08567E-03 1.73822E-03 4.42373E-01 
1550 1300 3.87426E-01 2.12665E-03 1.73972E-03 4.42364E-01 
1550 1350 3.87477E-01 2.08885E-03 1.73297E-03 4.42387E-01 
1550 1400 3.87477E-01 2.09699E-03 1.73676E-03 4.42358E-01 
1550 1450 3.87367E-01 2.10667E-03 1.73624E-03 4.42373E-01 
1550 1500 3.87393E-01 2.05354E-03 1.72049E-03 4.42452E-01 
1550 1550 3.87384E-01 2.09126E-03 1.73037E-03 4.42353E-01 
1550 1600 3.87409E-01 2.12015E-03 1.73736E-03 4.42309E-01 
1550 1650 3.87446E-01 2.11022E-03 1.72467E-03 4.42345E-01 
1550 1700 3.87487E-01 2.13841E-03 1.73829E-03 4.42296E-01 
1550 1750 3.87452E-01 2.12657E-03 1.73355E-03 4.42297E-01 
1550 1800 3.87554E-01 2.11319E-03 1.72678E-03 4.42354E-01 
1550 1850 3.87424E-01 2.09238E-03 1.72056E-03 4.42370E-01 
1550 1900 3.87562E-01 2.11044E-03 1.73152E-03 4.42351E-01 
1550 1950 3.87532E-01 2.13584E-03 1.73665E-03 4.42307E-01 
1550 2000 3.87505E-01 2.11422E-03 1.73264E-03 4.42333E-01 
1550 2050 3.87430E-01 2.12324E-03 1.72747E-03 4.42325E-01 
1600 800 3.87342E-01 2.11610E-03 1.73386E-03 4.42291E-01 
1600 850 3.87406E-01 2.11739E-03 1.73608E-03 4.42309E-01 
1600 900 3.87383E-01 2.08087E-03 1.74445E-03 4.42326E-01 
1600 950 3.87484E-01 2.11662E-03 1.74326E-03 4.42302E-01 
1600 1000 3.87461E-01 2.12492E-03 1.74708E-03 4.42297E-01 
1600 1050 3.87502E-01 2.08259E-03 1.73560E-03 4.42350E-01 
1600 1100 3.87388E-01 2.08813E-03 1.73872E-03 4.42316E-01 
1600 1150 3.87464E-01 2.13389E-03 1.74081E-03 4.42304E-01 
1600 1200 3.87330E-01 2.14082E-03 1.73350E-03 4.42271E-01 
1600 1250 3.87496E-01 2.13673E-03 1.74072E-03 4.42270E-01 
1600 1300 3.87390E-01 2.14498E-03 1.72938E-03 4.42269E-01 
1600 1350 3.87445E-01 2.11084E-03 1.73824E-03 4.42284E-01 
1600 1400 3.87435E-01 2.10676E-03 1.72948E-03 4.42319E-01 
1600 1450 3.87432E-01 2.11126E-03 1.73424E-03 4.42293E-01 
1600 1500 3.87402E-01 2.06672E-03 1.73029E-03 4.42345E-01 
1600 1550 3.87400E-01 2.13697E-03 1.73483E-03 4.42290E-01 
1600 1600 3.87473E-01 2.08678E-03 1.73419E-03 4.42326E-01 
1600 1650 3.87425E-01 2.08595E-03 1.73014E-03 4.42347E-01 
1600 1700 3.87461E-01 2.11050E-03 1.73448E-03 4.42291E-01 
1600 1750 3.87391E-01 2.13086E-03 1.73618E-03 4.42311E-01 
1600 1800 3.87415E-01 2.09599E-03 1.73159E-03 4.42334E-01 
1600 1850 3.87399E-01 2.13574E-03 1.73261E-03 4.42279E-01 
1600 1900 3.87537E-01 2.14850E-03 1.73611E-03 4.42284E-01 
1600 1950 3.87526E-01 2.10410E-03 1.74033E-03 4.42285E-01 
1600 2000 3.87466E-01 2.11206E-03 1.72249E-03 4.42299E-01 
1600 2050 3.87360E-01 2.13148E-03 1.72995E-03 4.42291E-01 
1650 800 3.87371E-01 2.14876E-03 1.74266E-03 4.42267E-01 
1650 850 3.87294E-01 2.11161E-03 1.73259E-03 4.42274E-01 
1650 900 3.87295E-01 2.12189E-03 1.73592E-03 4.42295E-01 
1650 950 3.87411E-01 2.10357E-03 1.74029E-03 4.42279E-01 
1650 1000 3.87337E-01 2.16922E-03 1.73749E-03 4.42214E-01 
1650 1050 3.87316E-01 2.13609E-03 1.73407E-03 4.42283E-01 
1650 1100 3.87416E-01 2.12985E-03 1.73847E-03 4.42279E-01 
1650 1150 3.87344E-01 2.12568E-03 1.74171E-03 4.42257E-01 
1650 1200 3.87389E-01 2.12554E-03 1.73851E-03 4.42264E-01 
1650 1250 3.87334E-01 2.13714E-03 1.73617E-03 4.42233E-01 
1650 1300 3.87322E-01 2.11683E-03 1.73093E-03 4.42270E-01 
1650 1350 3.87426E-01 2.14542E-03 1.74007E-03 4.42241E-01 
1650 1400 3.87383E-01 2.15102E-03 1.74220E-03 4.42217E-01 
1650 1450 3.87372E-01 2.11256E-03 1.73088E-03 4.42257E-01 
1650 1500 3.87432E-01 2.11027E-03 1.73485E-03 4.42267E-01 
1650 1550 3.87426E-01 2.14994E-03 1.73586E-03 4.42245E-01 
1650 1600 3.87354E-01 2.09859E-03 1.72816E-03 4.42261E-01 
1650 1650 3.87447E-01 2.14148E-03 1.74847E-03 4.42233E-01 
1650 1700 3.87277E-01 2.13438E-03 1.73062E-03 4.42249E-01 
1650 1750 3.87459E-01 2.13803E-03 1.73422E-03 4.42272E-01 
1650 1800 3.87422E-01 2.15030E-03 1.73645E-03 4.42227E-01 
1650 1850 3.87394E-01 2.09936E-03 1.73290E-03 4.42302E-01 
1650 1900 3.87538E-01 2.11914E-03 1.73877E-03 4.42294E-01 
1650 1950 3.87363E-01 2.10671E-03 1.72329E-03 4.42315E-01 
1650 2000 3.87391E-01 2.09409E-03 1.73088E-03 4.42289E-01 
1650 2050 3.87431E-01 2.13362E-03 1.73125E-03 4.42252E-01 
1700 800 3.87344E-01 2.09783E-03 1.72838E-03 4.42266E-01 
1700 850 3.87368E-01 2.10757E-03 1.73747E-03 4.42271E-01 
1700 900 3.87309E-01 2.10357E-03 1.73332E-03 4.42237E-01 
1700 950 3.87401E-01 2.12744E-03 1.74237E-03 4.42264E-01 
1700 1000 3.87384E-01 2.13970E-03 1.74080E-03 4.42211E-01 
1700 1050 3.87396E-01 2.10921E-03 1.73739E-03 4.42237E-01 
1700 1100 3.87440E-01 2.13815E-03 1.74209E-03 4.42203E-01 
1700 1150 3.87397E-01 2.11343E-03 1.73277E-03 4.42229E-01 
1700 1200 3.87464E-01 2.13104E-03 1.73460E-03 4.42226E-01 
1700 1250 3.87453E-01 2.13613E-03 1.74193E-03 4.42232E-01 
1700 1300 3.87382E-01 2.12652E-03 1.73931E-03 4.42221E-01 
1700 1350 3.87378E-01 2.13250E-03 1.73432E-03 4.42238E-01 
1700 1400 3.87355E-01 2.12265E-03 1.73697E-03 4.42245E-01 
1700 1450 3.87325E-01 2.16201E-03 1.73399E-03 4.42221E-01 
1700 1500 3.87390E-01 2.11339E-03 1.72855E-03 4.42230E-01 
1700 1550 3.87347E-01 2.12603E-03 1.73398E-03 4.42256E-01 
1700 1600 3.87311E-01 2.15580E-03 1.74049E-03 4.42204E-01 
1700 1650 3.87493E-01 2.09717E-03 1.73180E-03 4.42284E-01 
1700 1700 3.87435E-01 2.13900E-03 1.73562E-03 4.42198E-01 
1700 1750 3.87450E-01 2.14458E-03 1.73396E-03 4.42209E-01 
1700 1800 3.87335E-01 2.15013E-03 1.73270E-03 4.42188E-01 
1700 1850 3.87364E-01 2.16402E-03 1.73497E-03 4.42165E-01 
1700 1900 3.87403E-01 2.10715E-03 1.72869E-03 4.42256E-01 
1700 1950 3.87447E-01 2.09977E-03 1.72882E-03 4.42305E-01 
1700 2000 3.87401E-01 2.11748E-03 1.73311E-03 4.42260E-01 
1700 2050 3.87352E-01 2.13905E-03 1.73016E-03 4.42189E-01 
1750 800 3.87341E-01 2.11000E-03 1.73527E-03 4.42249E-01 
1750 850 3.87363E-01 2.15452E-03 1.73293E-03 4.42140E-01 
1750 900 3.87305E-01 2.16269E-03 1.74475E-03 4.42164E-01 
1750 950 3.87345E-01 2.17304E-03 1.74071E-03 4.42131E-01 
1750 1000 3.87285E-01 2.15287E-03 1.73875E-03 4.42185E-01 
1750 1050 3.87287E-01 2.16548E-03 1.73169E-03 4.42179E-01 
1750 1100 3.87244E-01 2.13514E-03 1.73942E-03 4.42208E-01 
1750 1150 3.87426E-01 2.16548E-03 1.74367E-03 4.42188E-01 
1750 1200 3.87369E-01 2.12273E-03 1.73295E-03 4.42205E-01 
1750 1250 3.87304E-01 2.13005E-03 1.73411E-03 4.42202E-01 
1750 1300 3.87420E-01 2.11999E-03 1.73288E-03 4.42218E-01 
1750 1350 3.87408E-01 2.10142E-03 1.73073E-03 4.42256E-01 
1750 1400 3.87448E-01 2.12835E-03 1.73556E-03 4.42186E-01 
1750 1450 3.87302E-01 2.13781E-03 1.74003E-03 4.42192E-01 
1750 1500 3.87317E-01 2.13851E-03 1.73862E-03 4.42181E-01 
1750 1550 3.87309E-01 2.11640E-03 1.73683E-03 4.42211E-01 
1750 1600 3.87364E-01 2.15206E-03 1.73618E-03 4.42195E-01 
1750 1650 3.87373E-01 2.15894E-03 1.74162E-03 4.42197E-01 
1750 1700 3.87363E-01 2.12660E-03 1.74281E-03 4.42211E-01 
1750 1750 3.87354E-01 2.12543E-03 1.73217E-03 4.42182E-01 
1750 1800 3.87428E-01 2.18036E-03 1.73696E-03 4.42150E-01 
1750 1850 3.87298E-01 2.16108E-03 1.73641E-03 4.42177E-01 
1750 1900 3.87326E-01 2.13250E-03 1.73134E-03 4.42211E-01 
1750 1950 3.87406E-01 2.09186E-03 1.73242E-03 4.42201E-01 
1750 2000 3.87295E-01 2.12202E-03 1.72696E-03 4.42225E-01 
1750 2050 3.87439E-01 2.12623E-03 1.74089E-03 4.42233E-01 
1800 800 3.87267E-01 2.15166E-03 1.73093E-03 4.42126E-01 
1800 850 3.87341E-01 2.20092E-03 1.73982E-03 4.42089E-01 
1800 900 3.87320E-01 2.16506E-03 1.74909E-03 4.42152E-01 
1800 950 3.87267E-01 2.16477E-03 1.74533E-03 4.42132E-01 
1800 1000 3.87327E-01 2.13466E-03 1.73979E-03 4.42132E-01 
1800 1050 3.87212E-01 2.16463E-03 1.73320E-03 4.42101E-01 
1800 1100 3.87271E-01 2.15935E-03 1.73766E-03 4.42153E-01 
1800 1150 3.87292E-01 2.12206E-03 1.73377E-03 4.42158E-01 
1800 1200 3.87325E-01 2.17132E-03 1.74154E-03 4.42153E-01 
1800 1250 3.87331E-01 2.13803E-03 1.73666E-03 4.42167E-01 
1800 1300 3.87262E-01 2.14249E-03 1.74032E-03 4.42157E-01 
1800 1350 3.87430E-01 2.14282E-03 1.73934E-03 4.42172E-01 
1800 1400 3.87332E-01 2.12346E-03 1.73285E-03 4.42139E-01 
1800 1450 3.87361E-01 2.16361E-03 1.73727E-03 4.42146E-01 
1800 1500 3.87317E-01 2.15863E-03 1.73787E-03 4.42151E-01 
1800 1550 3.87333E-01 2.13203E-03 1.73802E-03 4.42182E-01 
1800 1600 3.87303E-01 2.14019E-03 1.74126E-03 4.42152E-01 
1800 1650 3.87377E-01 2.17285E-03 1.73591E-03 4.42102E-01 
1800 1700 3.87287E-01 2.14990E-03 1.73136E-03 4.42151E-01 
1800 1750 3.87358E-01 2.14976E-03 1.73322E-03 4.42142E-01 
1800 1800 3.87236E-01 2.12536E-03 1.74215E-03 4.42204E-01 
1800 1850 3.87345E-01 2.12189E-03 1.73021E-03 4.42155E-01 
1800 1900 3.87379E-01 2.15377E-03 1.73634E-03 4.42157E-01 
1800 1950 3.87278E-01 2.14338E-03 1.74051E-03 4.42159E-01 
1800 2000 3.87292E-01 2.14117E-03 1.72795E-03 4.42163E-01 
1800 2050 3.87257E-01 2.14772E-03 1.73211E-03 4.42162E-01 
1850 800 3.87256E-01 2.18214E-03 1.74044E-03 4.42095E-01 
1850 850 3.87312E-01 2.16791E-03 1.74458E-03 4.42082E-01 
1850 900 3.87301E-01 2.16880E-03 1.74372E-03 4.42106E-01 
1850 950 3.87226E-01 2.17842E-03 1.74434E-03 4.42058E-01 
1850 1000 3.87338E-01 2.15966E-03 1.74298E-03 4.42125E-01 
1850 1050 3.87239E-01 2.14051E-03 1.74025E-03 4.42123E-01 
1850 1100 3.87335E-01 2.19937E-03 1.74242E-03 4.42070E-01 
1850 1150 3.87276E-01 2.17179E-03 1.74716E-03 4.42106E-01 
1850 1200 3.87345E-01 2.13371E-03 1.74953E-03 4.42141E-01 
1850 1250 3.87218E-01 2.16584E-03 1.74454E-03 4.42131E-01 
1850 1300 3.87162E-01 2.15223E-03 1.74085E-03 4.42114E-01 
1850 1350 3.87334E-01 2.17613E-03 1.74952E-03 4.42107E-01 
1850 1400 3.87361E-01 2.19239E-03 1.75340E-03 4.42088E-01 
1850 1450 3.87319E-01 2.14614E-03 1.73919E-03 4.42123E-01 
1850 1500 3.87153E-01 2.17527E-03 1.73997E-03 4.42099E-01 
1850 1550 3.87370E-01 2.17157E-03 1.73922E-03 4.42107E-01 
1850 1600 3.87291E-01 2.18490E-03 1.73760E-03 4.42071E-01 
1850 1650 3.87255E-01 2.14525E-03 1.73783E-03 4.42121E-01 
1850 1700 3.87316E-01 2.17960E-03 1.74085E-03 4.42084E-01 
1850 1750 3.87265E-01 2.12298E-03 1.73285E-03 4.42167E-01 
1850 1800 3.87233E-01 2.12778E-03 1.72883E-03 4.42189E-01 
1850 1850 3.87382E-01 2.16513E-03 1.74188E-03 4.42114E-01 
1850 1900 3.87396E-01 2.12250E-03 1.74115E-03 4.42171E-01 
1850 1950 3.87364E-01 2.16741E-03 1.74824E-03 4.42108E-01 
1850 2000 3.87325E-01 2.13989E-03 1.73589E-03 4.42112E-01 
1850 2050 3.87328E-01 2.11194E-03 1.73798E-03 4.42197E-01 
1900 800 3.87246E-01 2.18745E-03 1.74541E-03 4.42055E-01 
1900 850 3.87259E-01 2.15915E-03 1.74635E-03 4.42103E-01 
1900 900 3.87271E-01 2.18469E-03 1.74388E-03 4.42053E-01 
1900 950 3.87192E-01 2.17303E-03 1.75125E-03 4.42079E-01 
1900 1000 3.87194E-01 2.18484E-03 1.73973E-03 4.42068E-01 
1900 1050 3.87315E-01 2.14893E-03 1.74657E-03 4.42127E-01 
1900 1100 3.87250E-01 2.15487E-03 1.73375E-03 4.42087E-01 
1900 1150 3.87206E-01 2.14662E-03 1.74035E-03 4.42075E-01 
1900 1200 3.87257E-01 2.18894E-03 1.75256E-03 4.42050E-01 
1900 1250 3.87237E-01 2.14532E-03 1.73245E-03 4.42094E-01 
1900 1300 3.87315E-01 2.14433E-03 1.74279E-03 4.42094E-01 
1900 1350 3.87220E-01 2.17074E-03 1.74085E-03 4.42070E-01 
1900 1400 3.87247E-01 2.16534E-03 1.74643E-03 4.42081E-01 
1900 1450 3.87290E-01 2.19927E-03 1.75089E-03 4.42051E-01 
1900 1500 3.87249E-01 2.17783E-03 1.73379E-03 4.42084E-01 
1900 1550 3.87357E-01 2.18019E-03 1.74489E-03 4.42050E-01 
1900 1600 3.87326E-01 2.13306E-03 1.73908E-03 4.42137E-01 
1900 1650 3.87284E-01 2.17433E-03 1.74530E-03 4.42056E-01 
1900 1700 3.87222E-01 2.13253E-03 1.73637E-03 4.42103E-01 
1900 1750 3.87314E-01 2.17884E-03 1.74557E-03 4.42042E-01 
1900 1800 3.87218E-01 2.16518E-03 1.74317E-03 4.42092E-01 
1900 1850 3.87299E-01 2.17300E-03 1.74057E-03 4.42064E-01 
1900 1900 3.87354E-01 2.18909E-03 1.74509E-03 4.42038E-01 
1900 1950 3.87287E-01 2.17726E-03 1.74264E-03 4.42078E-01 
1900 2000 3.87294E-01 2.14294E-03 1.73242E-03 4.42111E-01 
1900 2050 3.87322E-01 2.18381E-03 1.73543E-03 4.42050E-01 
1950 800 3.87132E-01 2.17495E-03 1.74662E-03 4.42047E-01 
1950 850 3.87216E-01 2.16557E-03 1.74271E-03 4.42063E-01 
1950 900 3.87247E-01 2.17739E-03 1.75481E-03 4.42028E-01 
1950 950 3.87303E-01 2.16650E-03 1.74748E-03 4.42054E-01 
1950 1000 3.87323E-01 2.18433E-03 1.74452E-03 4.42028E-01 
1950 1050 3.87129E-01 2.17326E-03 1.74225E-03 4.42023E-01 
1950 1100 3.87231E-01 2.22257E-03 1.74425E-03 4.41976E-01 
1950 1150 3.87194E-01 2.18058E-03 1.75398E-03 4.42036E-01 
1950 1200 3.87194E-01 2.16961E-03 1.74325E-03 4.42045E-01 
1950 1250 3.87222E-01 2.18128E-03 1.74315E-03 4.42015E-01 
1950 1300 3.87290E-01 2.21336E-03 1.75154E-03 4.42017E-01 
1950 1350 3.87255E-01 2.15268E-03 1.74743E-03 4.42065E-01 
1950 1400 3.87244E-01 2.15796E-03 1.73545E-03 4.42040E-01 
1950 1450 3.87310E-01 2.17454E-03 1.74678E-03 4.42063E-01 
1950 1500 3.87243E-01 2.18722E-03 1.74485E-03 4.42045E-01 
1950 1550 3.87264E-01 2.20721E-03 1.74980E-03 4.42018E-01 
1950 1600 3.87263E-01 2.17717E-03 1.73872E-03 4.42045E-01 
1950 1650 3.87228E-01 2.17575E-03 1.74542E-03 4.42035E-01 
1950 1700 3.87291E-01 2.15422E-03 1.74613E-03 4.42063E-01 
1950 1750 3.87360E-01 2.15350E-03 1.73784E-03 4.42076E-01 
1950 1800 3.87280E-01 2.19780E-03 1.74862E-03 4.42012E-01 
1950 1850 3.87250E-01 2.22490E-03 1.75007E-03 4.41968E-01 
1950 1900 3.87284E-01 2.20917E-03 1.74855E-03 4.42034E-01 
1950 1950 3.87264E-01 2.17134E-03 1.74449E-03 4.42041E-01 
1950 2000 3.87298E-01 2.15604E-03 1.73884E-03 4.42043E-01 
1950 2050 3.87266E-01 2.17396E-03 1.73334E-03 4.42006E-01 
2000 800 3.87289E-01 2.18572E-03 1.74962E-03 4.42002E-01 
2000 850 3.87255E-01 2.16088E-03 1.74639E-03 4.41997E-01 
2000 900 3.87187E-01 2.17358E-03 1.75389E-03 4.42022E-01 
2000 950 3.87146E-01 2.18468E-03 1.75482E-03 4.41997E-01 
2000 1000 3.87195E-01 2.16460E-03 1.74622E-03 4.42020E-01 
2000 1050 3.87184E-01 2.17162E-03 1.74728E-03 4.41995E-01 
2000 1100 3.87303E-01 2.18313E-03 1.73935E-03 4.42035E-01 
2000 1150 3.87334E-01 2.18983E-03 1.74512E-03 4.42009E-01 
2000 1200 3.87247E-01 2.20556E-03 1.74314E-03 4.41996E-01 
2000 1250 3.87179E-01 2.19489E-03 1.74576E-03 4.41999E-01 
2000 1300 3.87127E-01 2.16862E-03 1.73996E-03 4.42009E-01 
2000 1350 3.87226E-01 2.20305E-03 1.74054E-03 4.41952E-01 
2000 1400 3.87221E-01 2.15534E-03 1.75079E-03 4.42013E-01 
2000 1450 3.87207E-01 2.18151E-03 1.74409E-03 4.42014E-01 
2000 1500 3.87290E-01 2.14728E-03 1.74142E-03 4.42048E-01 
2000 1550 3.87294E-01 2.15571E-03 1.74464E-03 4.42044E-01 
2000 1600 3.87217E-01 2.18188E-03 1.74619E-03 4.42009E-01 
2000 1650 3.87307E-01 2.18918E-03 1.74400E-03 4.41970E-01 
2000 1700 3.87229E-01 2.21488E-03 1.75339E-03 4.41972E-01 
2000 1750 3.87256E-01 2.16291E-03 1.74080E-03 4.42031E-01 
2000 1800 3.87235E-01 2.19738E-03 1.74127E-03 4.42018E-01 
2000 1850 3.87247E-01 2.19745E-03 1.74885E-03 4.41961E-01 
2000 1900 3.87224E-01 2.16769E-03 1.73720E-03 4.42047E-01 
2000 1950 3.87195E-01 2.17118E-03 1.73878E-03 4.42016E-01 
2000 2000 3.87239E-01 2.17200E-03 1.74765E-03 4.42019E-01 
2000 2050 3.87173E-01 2.19145E-03 1.74164E-03 4.42002E-01 
2050 800 3.87163E-01 2.22049E-03 1.74550E-03 4.41934E-01 
2050 850 3.87212E-01 2.20186E-03 1.74822E-03 4.41934E-01 
2050 900 3.87074E-01 2.22772E-03 1.75564E-03 4.41941E-01 
2050 950 3.87175E-01 2.19484E-03 1.75638E-03 4.41966E-01 
2050 1000 3.87148E-01 2.19244E-03 1.75570E-03 4.41949E-01 
2050 1050 3.87145E-01 2.18285E-03 1.74986E-03 4.41998E-01 
2050 1100 3.87072E-01 2.16147E-03 1.74627E-03 4.41985E-01 
2050 1150 3.87268E-01 2.21834E-03 1.74911E-03 4.41947E-01 
2050 1200 3.87252E-01 2.18813E-03 1.75306E-03 4.41954E-01 
2050 1250 3.87153E-01 2.18788E-03 1.74793E-03 4.41971E-01 
2050 1300 3.87231E-01 2.17848E-03 1.74368E-03 4.41975E-01 
2050 1350 3.87175E-01 2.19606E-03 1.75060E-03 4.41974E-01 
2050 1400 3.87221E-01 2.19841E-03 1.75358E-03 4.41978E-01 
2050 1450 3.87213E-01 2.17384E-03 1.74593E-03 4.41978E-01 
2050 1500 3.87312E-01 2.18697E-03 1.74932E-03 4.41945E-01 
2050 1550 3.87197E-01 2.17957E-03 1.74781E-03 4.41949E-01 
2050 1600 3.87241E-01 2.21518E-03 1.74411E-03 4.41947E-01 
2050 1650 3.87241E-01 2.20755E-03 1.75118E-03 4.41938E-01 
2050 1700 3.87213E-01 2.22121E-03 1.74607E-03 4.41955E-01 
2050 1750 3.87294E-01 2.23986E-03 1.75507E-03 4.41886E-01 
2050 1800 3.87170E-01 2.21601E-03 1.74770E-03 4.41919E-01 
2050 1850 3.87256E-01 2.24803E-03 1.75247E-03 4.41867E-01 
2050 1900 3.87257E-01 2.17687E-03 1.74190E-03 4.41950E-01 
2050 1950 3.87152E-01 2.18892E-03 1.75222E-03 4.42003E-01 
2050 2000 3.87198E-01 2.18229E-03 1.74202E-03 4.41999E-01 
2050 2050 3.87171E-01 2.19304E-03 1.75431E-03 4.41965E-01 
