800 800 1.77375E-04 3.95281E-04 4.39326E-04 5.89981E-04 8.64266E-04 1.32010E-04 2.36246E-04 5.48485E-05 
800 850 2.44526E-04 3.99693E-04 4.93489E-04 7.04894E-04 1.04193E-03 1.94647E-04 2.23794E-04 5.21006E-05 
800 900 3.48204E-04 4.50772E-04 4.05991E-04 6.23576E-04 9.23518E-04 8.97053E-05 1.86174E-04 3.24995E-05 
800 950 1.91140E-04 2.92047E-04 3.76999E-04 7.26678E-04 9.02735E-04 1.28045E-04 2.13672E-04 3.85324E-05 
800 1000 2.83935E-04 4.64038E-04 3.38293E-04 5.23792E-04 1.01349E-03 2.88181E-04 1.86854E-04 4.83596E-05 
800 1050 3.55700E-04 4.96637E-04 4.23433E-04 6.23772E-04 8.78870E-04 7.91130E-05 1.82139E-04 3.46408E-05 
800 1100 1.42431E-04 4.01110E-04 4.48827E-04 6.57056E-04 7.16453E-04 1.16950E-04 1.99645E-04 4.27067E-05 
800 1150 2.63763E-04 4.75513E-04 4.91194E-04 6.85976E-04 9.01255E-04 1.09280E-04 1.73248E-04 2.51485E-05 
800 1200 2.30323E-04 4.68518E-04 3.69116E-04 6.33336E-04 8.30458E-04 1.33249E-04 1.62427E-04 5.27325E-05 
800 1250 2.77638E-04 4.53619E-04 3.89471E-04 7.00502E-04 8.26510E-04 1.42705E-04 2.12900E-04 5.82490E-05 
800 1300 3.37326E-04 4.52405E-04 4.82655E-04 4.94631E-04 9.40138E-04 1.47288E-04 2.30050E-04 2.95543E-05 
800 1350 1.96067E-04 6.33318E-04 3.71421E-04 6.04896E-04 8.70428E-04 1.31516E-04 1.45210E-04 1.76299E-05 
800 1400 3.17547E-04 4.97123E-04 3.84637E-04 5.79484E-04 8.88586E-04 6.70818E-05 1.70849E-04 3.86355E-05 
800 1450 2.33626E-04 4.76330E-04 4.26067E-04 6.04618E-04 9.85663E-04 1.65122E-04 1.93828E-04 7.61290E-05 
800 1500 2.78177E-04 4.47729E-04 3.47541E-04 6.67977E-04 9.57014E-04 9.20328E-05 1.58895E-04 6.96338E-05 
800 1550 2.59078E-04 4.77857E-04 4.27750E-04 6.99977E-04 8.50015E-04 1.13802E-04 2.11613E-04 3.97836E-05 
800 1600 3.18094E-04 5.21217E-04 4.12143E-04 5.72851E-04 9.07373E-04 1.44338E-04 1.86651E-04 7.61767E-05 
800 1650 2.09633E-04 4.95628E-04 4.14168E-04 5.67987E-04 9.60682E-04 1.07949E-04 1.82614E-04 5.62590E-05 
800 1700 2.24248E-04 4.34708E-04 4.80101E-04 6.09460E-04 9.80520E-04 1.50589E-04 1.39670E-04 3.29834E-05 
800 1750 2.23844E-04 4.68103E-04 3.86644E-04 5.06171E-04 9.28982E-04 1.14928E-04 2.29978E-04 5.36780E-05 
800 1800 2.33955E-04 6.02188E-04 4.51126E-04 6.54161E-04 9.20878E-04 1.34096E-04 1.69891E-04 5.00996E-05 
800 1850 1.81017E-04 5.60346E-04 4.62880E-04 6.82057E-04 7.99482E-04 5.74142E-05 1.30232E-04 4.85371E-05 
800 1900 2.81430E-04 3.58604E-04 4.31819E-04 5.86153E-04 8.21771E-04 1.41614E-04 1.89601E-04 3.92848E-05 
800 1950 2.41079E-04 4.02063E-04 4.60966E-04 6.64930E-04 8.75992E-04 1.29707E-04 1.16518E-04 4.21161E-05 
800 2000 2.74521E-04 3.53265E-04 5.06205E-04 7.20113E-04 9.08843E-04 7.11628E-05 2.30202E-04 3.23147E-05 
800 2050 2.56538E-04 4.09919E-04 4.77143E-04 5.16726E-04 8.97303E-04 1.20954E-04 1.93666E-04 1.96129E-05 
850 800 2.07410E-04 4.54197E-04 4.33391E-04 7.83050E-04 7.89803E-04 9.92023E-05 2.38621E-04 2.14249E-05 
850 850 2.20928E-04 4.11029E-04 3.71974E-04 6.35042E-04 8.92866E-04 7.91419E-05 1.93838E-04 3.24946E-05 
850 900 1.99354E-04 4.71685E-04 3.55457E-04 6.36455E-04 8.50986E-04 1.85009E-04 1.78932E-04 3.16059E-05 
850 950 2.33315E-04 4.58435E-04 4.00725E-04 5.44160E-04 9.99466E-04 1.21319E-04 1.97438E-04 1.13112E-05 
850 1000 3.22615E-04 5.45524E-04 3.58488E-04 6.46369E-04 1.03421E-03 8.14642E-05 1.83757E-04 6.03410E-05 
850 1050 2.40007E-04 3.60425E-04 4.50849E-04 5.41936E-04 8.39365E-04 1.30195E-04 2.80859E-04 2.58057E-05 
850 1100 2.05016E-04 4.31993E-04 3.97414E-04 5.97521E-04 9.79788E-04 1.12663E-04 2.27320E-04 2.75239E-05 
850 1150 3.04385E-04 4.14606E-04 4.48265E-04 5.99116E-04 9.03775E-04 1.25372E-04 1.38334E-04 2.80349E-05 
850 1200 1.99746E-04 3.40164E-04 4.54408E-04 6.64914E-04 9.37089E-04 2.06771E-04 1.97871E-04 2.30703E-05 
850 1250 2.93648E-04 4.82630E-04 4.28548E-04 5.55758E-04 9.08368E-04 8.91365E-05 1.52138E-04 4.75148E-05 
850 1300 2.53086E-04 3.96882E-04 4.46002E-04 5.76166E-04 1.03747E-03 1.79539E-04 2.68763E-04 6.81479E-05 
850 1350 2.52323E-04 4.75638E-04 5.12183E-04 5.76134E-04 1.08995E-03 6.93953E-05 1.51367E-04 3.90513E-05 
850 1400 1.63573E-04 4.91300E-04 5.37652E-04 7.71774E-04 9.76547E-04 1.74988E-04 1.34253E-04 9.53884E-05 
850 1450 1.92142E-04 4.77587E-04 3.98720E-04 5.77121E-04 9.55093E-04 8.68699E-05 1.50232E-04 2.01673E-05 
850 1500 2.73854E-04 3.89679E-04 3.83693E-04 5.60017E-04 9.25845E-04 9.95040E-05 1.64759E-04 2.11720E-05 
850 1550 2.17945E-04 4.63260E-04 3.87243E-04 6.66944E-04 9.94244E-04 1.53080E-04 2.49025E-04 7.11576E-05 
850 1600 2.61166E-04 4.39484E-04 4.39446E-04 5.94002E-04 9.31322E-04 1.30208E-04 1.50578E-04 7.96228E-05 
850 1650 2.97851E-04 4.99676E-04 4.86611E-04 5.64235E-04 9.07045E-04 1.40893E-04 2.13766E-04 5.72332E-05 
850 1700 2.26563E-04 4.06490E-04 4.83797E-04 6.49068E-04 1.01013E-03 1.23345E-04 2.22388E-04 1.10218E-04 
850 1750 2.65272E-04 3.56673E-04 4.08864E-04 5.89514E-04 9.44686E-04 1.11389E-04 2.39915E-04 5.66390E-05 
850 1800 3.20017E-04 3.69413E-04 4.41537E-04 6.40577E-04 9.36837E-04 1.28882E-04 2.20786E-04 3.93112E-05 
850 1850 1.98343E-04 4.09243E-04 4.35636E-04 6.38640E-04 1.05078E-03 1.37628E-04 2.05155E-04 3.39419E-05 
850 1900 2.12615E-04 5.52395E-04 4.70307E-04 6.20500E-04 8.75407E-04 1.51341E-04 2.54224E-04 2.11063E-05 
850 1950 2.68052E-04 4.31998E-04 5.30720E-04 5.30213E-04 1.00638E-03 1.42368E-04 2.30259E-04 1.87878E-05 
850 2000 2.39000E-04 4.63252E-04 3.91830E-04 5.55530E-04 8.59485E-04 1.52900E-04 1.50413E-04 3.36935E-05 
850 2050 2.12624E-04 4.58787E-04 3.56691E-04 7.32550E-04 1.00336E-03 2.01423E-04 1.93795E-04 3.20523E-05 
900 800 2.70115E-04 5.39398E-04 4.10808E-04 5.94962E-04 9.93158E-04 1.14205E-04 1.71808E-04 2.28030E-05 
900 850 2.90441E-04 5.79330E-04 3.60907E-04 5.25148E-04 8.97055E-04 1.09403E-04 2.14362E-04 5.49314E-05 
900 900 1.82042E-04 5.02402E-04 4.36313E-04 6.28603E-04 9.14508E-04 2.13346E-04 1.43131E-04 1.44939E-05 
900 950 2.10367E-04 4.50848E-04 4.26107E-04 5.67395E-04 8.95278E-04 7.32982E-05 1.38645E-04 3.44669E-05 
900 1000 2.05512E-04 3.51062E-04 4.63699E-04 5.32444E-04 9.39466E-04 1.20996E-04 1.58141E-04 5.32804E-05 
900 1050 2.62905E-04 4.57869E-04 4.34370E-04 7.16313E-04 1.02352E-03 1.35993E-04 2.49118E-04 6.55007E-05 
900 1100 2.41350E-04 4.43386E-04 4.37457E-04 6.11279E-04 1.03262E-03 1.10327E-04 2.16191E-04 2.81401E-05 
900 1150 2.43470E-04 4.49678E-04 3.91781E-04 6.12423E-04 8.83023E-04 1.26701E-04 1.67979E-04 1.84956E-05 
900 1200 2.34874E-04 4.13062E-04 3.50673E-04 6.33141E-04 9.14055E-04 1.24361E-04 2.28060E-04 2.92168E-05 
900 1250 3.01307E-04 5.18045E-04 4.81533E-04 5.05634E-04 9.47539E-04 9.64035E-05 2.65135E-04 2.05722E-05 
900 1300 2.43569E-04 3.63829E-04 3.68149E-04 5.73537E-04 8.81629E-04 1.52866E-04 1.81625E-04 1.52258E-05 
900 1350 3.34503E-04 5.00457E-04 4.93684E-04 6.07648E-04 9.41167E-04 8.26709E-05 1.20875E-04 2.95715E-05 
900 1400 2.40909E-04 4.51216E-04 4.08185E-04 5.85001E-04 9.41020E-04 1.86126E-04 1.96850E-04 4.01975E-05 
900 1450 2.44535E-04 5.14594E-04 4.16818E-04 6.72500E-04 8.40381E-04 1.48472E-04 1.96571E-04 6.31977E-05 
900 1500 2.50734E-04 5.25893E-04 4.16613E-04 6.21037E-04 9.17950E-04 1.03026E-04 1.79352E-04 3.30652E-05 
900 1550 1.74674E-04 3.71852E-04 4.69194E-04 5.97460E-04 8.95838E-04 1.38045E-04 1.37462E-04 3.46746E-05 
900 1600 3.04747E-04 4.53496E-04 4.97977E-04 5.64875E-04 8.62648E-04 1.20072E-04 1.75715E-04 5.99432E-05 
900 1650 1.95025E-04 5.19103E-04 4.34351E-04 6.36192E-04 9.39595E-04 1.54962E-04 1.67488E-04 1.70472E-05 
900 1700 2.27150E-04 4.25378E-04 4.52458E-04 6.18142E-04 8.97706E-04 9.10289E-05 1.97160E-04 5.40916E-05 
900 1750 2.48111E-04 3.81843E-04 4.73686E-04 6.79768E-04 9.60701E-04 1.43580E-04 1.71680E-04 3.29840E-05 
900 1800 1.52153E-04 3.93697E-04 4.91583E-04 6.73174E-04 1.08670E-03 1.42082E-04 1.75649E-04 2.91974E-05 
900 1850 2.49291E-04 5.09638E-04 4.15451E-04 5.76887E-04 8.08606E-04 1.08037E-04 2.35376E-04 4.02703E-05 
900 1900 2.18597E-04 5.15501E-04 4.51784E-04 5.27801E-04 1.00299E-03 1.46018E-04 1.45209E-04 4.70338E-05 
900 1950 1.84949E-04 5.24130E-04 4.44159E-04 5.84215E-04 9.11319E-04 1.15359E-04 1.41734E-04 2.42134E-05 
900 2000 2.22904E-04 5.46154E-04 4.46887E-04 5.47001E-04 1.00429E-03 1.15278E-04 2.21911E-04 3.66495E-05 
900 2050 2.63345E-04 4.77539E-04 4.98941E-04 6.17595E-04 9.85853E-04 1.16316E-04 1.67187E-04 4.34026E-05 
950 800 3.71055E-04 4.07215E-04 4.38730E-04 5.34727E-04 1.13612E-03 1.03554E-04 2.14880E-04 2.81509E-05 
950 850 2.74582E-04 4.17321E-04 3.51849E-04 5.94012E-04 9.01184E-04 1.32671E-04 1.59113E-04 2.94431E-05 
950 900 3.13820E-04 3.57101E-04 3.65910E-04 4.37202E-04 1.00702E-03 9.90378E-05 1.90148E-04 3.09904E-05 
950 950 2.41928E-04 4.57559E-04 4.26077E-04 7.76348E-04 8.20890E-04 1.14739E-04 1.63811E-04 2.12682E-05 
950 1000 2.43612E-04 4.99399E-04 4.04772E-04 5.58907E-04 8.37650E-04 1.68123E-04 1.55033E-04 3.46783E-05 
950 1050 2.25294E-04 3.49359E-04 5.46173E-04 7.03137E-04 8.77667E-04 1.49453E-04 1.53374E-04 5.46852E-05 
950 1100 3.27424E-04 3.53620E-04 5.87541E-04 5.62961E-04 1.13602E-03 1.56591E-04 1.75173E-04 4.46247E-05 
950 1150 1.98362E-04 5.08022E-04 4.23280E-04 5.87181E-04 1.05635E-03 1.44075E-04 2.30598E-04 5.01416E-05 
950 1200 2.74811E-04 5.55375E-04 3.58024E-04 5.84781E-04 9.73430E-04 8.30730E-05 2.10650E-04 6.08948E-05 
950 1250 2.69401E-04 4.36072E-04 5.43173E-04 5.43854E-04 8.28733E-04 1.29668E-04 1.40553E-04 3.77193E-05 
950 1300 3.47512E-04 4.17439E-04 3.89827E-04 6.99032E-04 9.00412E-04 8.32799E-05 1.85324E-04 5.71057E-05 
950 1350 2.56912E-04 4.08359E-04 3.45733E-04 4.91917E-04 9.25686E-04 1.06551E-04 1.84086E-04 3.65375E-05 
950 1400 2.55486E-04 5.39160E-04 5.31708E-04 5.77040E-04 7.81670E-04 1.78511E-04 1.65472E-04 2.88682E-05 
950 1450 2.99993E-04 5.18663E-04 4.21057E-04 6.96583E-04 8.71431E-04 1.38438E-04 1.73265E-04 1.01684E-04 
950 1500 2.39684E-04 6.16115E-04 4.09523E-04 5.49372E-04 9.49277E-04 1.15777E-04 9.41481E-05 4.22571E-05 
950 1550 2.21457E-04 5.17388E-04 4.19921E-04 5.35964E-04 9.71506E-04 1.50468E-04 1.58285E-04 2.41145E-05 
950 1600 2.61134E-04 5.75265E-04 5.37335E-04 5.70354E-04 9.96683E-04 1.80492E-04 1.43576E-04 1.54967E-05 
950 1650 2.44082E-04 3.89334E-04 4.49525E-04 5.77517E-04 8.76104E-04 1.43598E-04 1.48824E-04 4.79610E-05 
950 1700 2.56196E-04 5.07965E-04 4.70531E-04 6.17359E-04 8.83402E-04 1.46552E-04 1.98576E-04 5.94484E-05 
950 1750 2.36279E-04 3.90464E-04 3.89603E-04 6.54684E-04 8.07682E-04 1.41028E-04 2.40643E-04 6.89991E-05 
950 1800 2.27919E-04 3.92605E-04 4.04463E-04 5.68528E-04 7.97085E-04 1.14284E-04 1.64286E-04 6.33635E-05 
950 1850 2.87725E-04 4.20364E-04 4.54147E-04 5.56966E-04 1.00278E-03 1.35401E-04 1.31204E-04 7.03852E-05 
950 1900 2.81536E-04 4.93990E-04 4.49061E-04 6.16150E-04 9.52040E-04 1.14947E-04 1.62740E-04 2.22584E-05 
950 1950 1.90427E-04 4.71979E-04 4.29333E-04 6.51691E-04 8.52472E-04 1.14737E-04 1.42747E-04 3.45984E-05 
950 2000 2.69129E-04 3.86641E-04 4.64277E-04 6.09264E-04 9.71942E-04 1.45037E-04 2.05057E-04 2.81757E-05 
950 2050 3.31689E-04 4.60906E-04 4.25457E-04 5.96844E-04 9.68465E-04 1.11869E-04 2.39304E-04 3.62968E-05 
1000 800 1.79879E-04 3.56149E-04 4.08423E-04 6.39296E-04 9.48234E-04 1.51314E-04 1.28831E-04 3.65714E-05 
1000 850 2.54936E-04 4.39043E-04 5.22546E-04 6.88001E-04 8.58420E-04 9.62453E-05 1.61097E-04 5.27642E-05 
1000 900 2.58259E-04 4.75504E-04 4.87837E-04 5.17708E-04 9.71700E-04 1.66960E-04 1.69590E-04 2.49426E-05 
1000 950 3.24544E-04 4.82655E-04 3.50172E-04 6.07657E-04 9.62819E-04 1.51090E-04 1.94365E-04 7.60932E-05 
1000 1000 2.42333E-04 5.56142E-04 4.23023E-04 7.03344E-04 1.00735E-03 1.83187E-04 2.24523E-04 9.31647E-05 
1000 1050 2.73708E-04 5.20539E-04 3.61004E-04 6.18707E-04 1.00433E-03 4.12133E-05 1.90315E-04 4.35266E-05 
1000 1100 2.55814E-04 4.30224E-04 3.30123E-04 6.71222E-04 8.27779E-04 1.11719E-04 2.57370E-04 2.56374E-05 
1000 1150 2.99630E-04 4.23138E-04 4.50365E-04 5.81083E-04 9.90489E-04 1.23967E-04 1.69209E-04 3.72817E-05 
1000 1200 2.25519E-04 4.79928E-04 4.70932E-04 5.74862E-04 9.21240E-04 1.55597E-04 1.87723E-04 2.37597E-05 
1000 1250 2.33710E-04 3.76051E-04 5.24318E-04 6.72894E-04 9.15240E-04 1.48167E-04 3.38991E-04 1.71862E-05 
1000 1300 2.14089E-04 5.13010E-04 4.20251E-04 6.39645E-04 7.85130E-04 1.58528E-04 1.84378E-04 2.35730E-05 
1000 1350 2.09243E-04 5.46246E-04 4.10629E-04 6.04932E-04 7.12449E-04 6.62519E-05 1.64702E-04 3.21045E-05 
1000 1400 2.37396E-04 4.37816E-04 5.25666E-04 5.51577E-04 8.34284E-04 8.05855E-05 1.45710E-04 1.86146E-05 
1000 1450 2.11235E-04 6.08423E-04 4.63150E-04 5.43981E-04 9.07682E-04 8.91770E-05 1.86083E-04 6.11455E-05 
1000 1500 2.47372E-04 4.86765E-04 4.84026E-04 7.08529E-04 8.78310E-04 1.06043E-04 2.32144E-04 1.00835E-04 
1000 1550 1.75103E-04 4.25119E-04 3.87475E-04 5.42789E-04 8.82924E-04 1.42034E-04 1.63447E-04 5.25662E-05 
1000 1600 2.26352E-04 5.18777E-04 4.19473E-04 5.48439E-04 9.55094E-04 1.03497E-04 2.16925E-04 6.03925E-05 
1000 1650 1.98245E-04 5.13582E-04 4.37061E-04 6.12736E-04 8.43220E-04 1.51363E-04 2.00518E-04 2.83458E-05 
1000 1700 2.52325E-04 4.58895E-04 4.30754E-04 6.85169E-04 8.06624E-04 1.76787E-04 1.88300E-04 4.73778E-05 
1000 1750 2.65338E-04 4.41480E-04 4.50004E-04 6.59891E-04 1.00427E-03 1.12216E-04 2.10597E-04 4.73658E-05 
1000 1800 2.41102E-04 4.84158E-04 4.25396E-04 6.76511E-04 1.01977E-03 1.28889E-04 2.35644E-04 3.62073E-05 
1000 1850 3.20366E-04 3.43525E-04 4.21305E-04 5.96447E-04 7.86040E-04 1.19325E-04 1.92031E-04 2.78305E-05 
1000 1900 2.73923E-04 3.94395E-04 4.94732E-04 7.17558E-04 1.00310E-03 1.20535E-04 1.76359E-04 4.31814E-05 
1000 1950 2.56169E-04 3.70875E-04 5.23744E-04 6.47942E-04 9.71880E-04 1.38041E-04 1.81609E-04 4.89357E-05 
1000 2000 3.10033E-04 5.27942E-04 4.56650E-04 6.49780E-04 1.03604E-03 1.08453E-04 1.96422E-04 3.47946E-05 
1000 2050 1.75678E-04 4.90340E-04 4.56574E-04 6.72257E-04 8.71905E-04 1.60815E-04 1.98490E-04 4.44876E-05 
1050 800 2.40948E-04 4.10868E-04 4.80510E-04 6.44350E-04 9.56649E-04 1.72530E-04 1.84757E-04 6.05650E-05 
1050 850 1.90667E-04 5.09304E-04 4.42604E-04 5.30299E-04 9.72017E-04 1.70960E-04 1.41803E-04 3.93074E-05 
1050 900 3.33631E-04 3.85158E-04 4.49025E-04 6.63846E-04 9.07554E-04 1.28086E-04 1.59316E-04 5.86988E-05 
1050 950 2.05279E-04 4.59198E-04 3.64131E-04 7.67177E-04 9.51283E-04 1.55645E-04 2.78167E-04 3.81669E-05 
1050 1000 2.75623E-04 4.64783E-04 4.45972E-04 7.05790E-04 9.77451E-04 7.73857E-05 2.21707E-04 7.38800E-05 
1050 1050 2.07268E-04 4.65009E-04 4.91822E-04 5.49553E-04 1.03536E-03 8.18840E-05 1.88890E-04 4.73647E-05 
1050 1100 1.83276E-04 5.64482E-04 3.85936E-04 6.66817E-04 7.78211E-04 1.57901E-04 1.21322E-04 3.90980E-05 
1050 1150 2.12705E-04 4.45425E-04 3.93992E-04 5.88008E-04 8.20108E-04 1.31614E-04 1.78191E-04 1.84990E-05 
1050 1200 2.06989E-04 4.15376E-04 3.77126E-04 5.36476E-04 9.15366E-04 1.04258E-04 1.99648E-04 1.86606E-05 
1050 1250 2.28732E-04 3.28111E-04 4.18956E-04 6.58813E-04 8.72178E-04 1.19671E-04 1.79596E-04 4.83280E-05 
1050 1300 1.93902E-04 5.19047E-04 3.24613E-04 4.96307E-04 8.70459E-04 1.19371E-04 2.25783E-04 2.77619E-05 
1050 1350 2.41016E-04 5.22638E-04 4.29488E-04 5.86874E-04 9.77430E-04 6.81988E-05 1.62521E-04 1.25231E-05 
1050 1400 2.83880E-04 5.76685E-04 4.59298E-04 6.87176E-04 9.97016E-04 1.84201E-04 1.49265E-04 5.85497E-05 
1050 1450 1.36299E-04 4.82738E-04 3.86972E-04 5.86344E-04 7.90382E-04 1.24112E-04 1.36501E-04 2.55622E-05 
1050 1500 2.82109E-04 4.36285E-04 4.44694E-04 8.79322E-04 7.72436E-04 1.25945E-04 1.44530E-04 2.96819E-05 
1050 1550 2.63658E-04 4.12162E-04 4.77468E-04 6.30503E-04 9.81575E-04 1.36812E-04 1.64532E-04 1.81508E-05 
1050 1600 2.62965E-04 4.85554E-04 4.93797E-04 6.71875E-04 9.42737E-04 1.78378E-04 1.65210E-04 3.58657E-05 
1050 1650 2.24225E-04 4.56680E-04 3.90774E-04 6.41739E-04 9.53129E-04 1.20693E-04 1.70239E-04 3.17561E-05 
1050 1700 3.25831E-04 5.33809E-04 4.17693E-04 7.41330E-04 9.08474E-04 1.48060E-04 2.02724E-04 4.27831E-05 
1050 1750 2.38091E-04 4.71703E-04 4.54439E-04 6.99921E-04 9.06172E-04 1.63295E-04 1.87023E-04 3.27890E-05 
1050 1800 2.90949E-04 5.09909E-04 4.10635E-04 5.28361E-04 9.55344E-04 1.75836E-04 1.96281E-04 2.91831E-05 
1050 1850 2.55519E-04 4.15053E-04 5.07390E-04 6.09647E-04 9.34899E-04 1.11568E-04 2.08008E-04 3.47682E-05 
1050 1900 2.39598E-04 5.00022E-04 4.83392E-04 5.29142E-04 1.02868E-03 1.58382E-04 1.66142E-04 2.40271E-05 
1050 1950 2.03488E-04 4.24098E-04 4.21274E-04 6.73439E-04 1.08361E-03 1.17966E-04 1.35133E-04 3.33438E-05 
1050 2000 2.60083E-04 4.78684E-04 4.10231E-04 6.04646E-04 9.56659E-04 8.15138E-05 2.45425E-04 3.41681E-05 
1050 2050 2.47850E-04 5.06470E-04 5.06005E-04 6.31365E-04 8.43387E-04 1.19626E-04 1.11048E-04 3.95887E-05 
1100 800 2.32925E-04 6.06024E-04 3.76491E-04 7.12772E-04 7.65887E-04 1.70922E-04 2.25769E-04 6.99624E-05 
1100 850 2.38671E-04 3.52868E-04 3.53488E-04 7.36719E-04 9.54048E-04 1.09291E-04 1.61532E-04 4.66200E-05 
1100 900 1.28910E-04 4.13819E-04 3.96447E-04 5.81460E-04 9.37997E-04 1.45080E-04 2.05101E-04 6.42668E-05 
1100 950 2.61521E-04 4.71075E-04 4.84950E-04 6.45419E-04 1.00171E-03 1.30580E-04 2.05896E-04 3.71664E-05 
1100 1000 2.35621E-04 3.78516E-04 4.67335E-04 5.54645E-04 9.64629E-04 1.54500E-04 1.37023E-04 5.19482E-05 
1100 1050 2.32895E-04 5.53571E-04 4.08632E-04 4.99879E-04 9.58763E-04 1.84247E-04 2.54241E-04 2.73438E-05 
1100 1100 2.44040E-04 4.80621E-04 4.67296E-04 6.66548E-04 7.99480E-04 1.52033E-04 2.53134E-04 6.73011E-05 
1100 1150 1.85088E-04 5.25108E-04 4.94396E-04 6.10204E-04 8.66564E-04 1.36035E-04 2.02813E-04 3.77863E-05 
1100 1200 2.23272E-04 5.30681E-04 4.78745E-04 5.30450E-04 1.07960E-03 9.45171E-05 2.66408E-04 2.02438E-05 
1100 1250 2.26147E-04 4.34945E-04 5.00554E-04 5.27260E-04 1.03645E-03 8.61375E-05 1.69011E-04 2.08382E-05 
1100 1300 2.55571E-04 5.57832E-04 4.28759E-04 6.08877E-04 8.97556E-04 1.48669E-04 1.95282E-04 3.03154E-05 
1100 1350 1.90241E-04 5.91504E-04 4.50414E-04 5.31354E-04 8.62654E-04 8.65261E-05 1.73228E-04 1.08844E-05 
1100 1400 2.58841E-04 5.33794E-04 4.42190E-04 6.00542E-04 9.19571E-04 1.03467E-04 1.85995E-04 3.23174E-05 
1100 1450 2.34033E-04 3.92545E-04 4.99899E-04 7.57155E-04 8.37135E-04 2.03262E-04 1.85082E-04 3.33590E-05 
1100 1500 2.63051E-04 4.66369E-04 4.99092E-04 6.79095E-04 9.53938E-04 1.54286E-04 1.89478E-04 2.45434E-05 
1100 1550 2.67604E-04 4.84454E-04 4.57010E-04 5.90044E-04 1.02330E-03 1.67140E-04 1.47429E-04 2.97498E-05 
1100 1600 2.70192E-04 4.82367E-04 4.76886E-04 5.75854E-04 9.60102E-04 1.53406E-04 2.44007E-04 4.57099E-05 
1100 1650 2.84773E-04 4.54010E-04 3.69874E-04 7.29591E-04 8.80524E-04 1.62010E-04 1.90675E-04 4.09761E-05 
1100 1700 2.23687E-04 4.53593E-04 5.14763E-04 5.97798E-04 9.50827E-04 1.17653E-04 2.15629E-04 3.54102E-05 
1100 1750 1.82705E-04 4.92204E-04 4.94557E-04 5.35791E-04 1.02374E-03 7.71078E-05 2.23193E-04 5.35968E-05 
1100 1800 2.38581E-04 4.01143E-04 4.19335E-04 6.74179E-04 8.08053E-04 1.27984E-04 1.72736E-04 1.76483E-05 
1100 1850 2.64995E-04 5.59663E-04 4.27438E-04 7.16960E-04 9.84146E-04 7.74868E-05 1.33350E-04 3.32852E-05 
1100 1900 1.94028E-04 4.81892E-04 3.76173E-04 5.20379E-04 1.03454E-03 1.66898E-04 1.84817E-04 3.87254E-05 
1100 1950 2.39584E-04 4.25541E-04 4.06118E-04 6.77379E-04 8.82643E-04 1.18892E-04 1.97250E-04 1.67685E-05 
1100 2000 2.12101E-04 5.31392E-04 5.66759E-04 6.95463E-04 9.74222E-04 1.33607E-04 1.99437E-04 6.44068E-05 
1100 2050 2.41816E-04 4.51808E-04 4.26745E-04 6.01296E-04 1.06389E-03 1.48685E-04 2.04424E-04 5.79600E-05 
1150 800 2.29098E-04 3.65647E-04 3.77438E-04 7.34560E-04 9.74488E-04 1.45486E-04 1.76125E-04 1.16292E-05 
1150 850 1.86966E-04 4.21136E-04 4.40306E-04 6.21290E-04 1.14189E-03 1.60814E-04 1.50762E-04 2.48291E-05 
1150 900 2.82138E-04 4.99310E-04 4.51667E-04 5.22226E-04 8.82412E-04 9.96285E-05 1.93695E-04 2.86633E-05 
1150 950 2.51325E-04 4.22768E-04 4.31872E-04 7.28579E-04 8.79200E-04 6.84288E-05 1.50596E-04 4.46937E-05 
1150 1000 1.95158E-04 3.64571E-04 4.82884E-04 7.27104E-04 8.87187E-04 1.65265E-04 2.23385E-04 7.29902E-05 
1150 1050 2.46116E-04 5.15815E-04 4.54238E-04 7.32686E-04 9.83885E-04 1.20108E-04 2.93979E-04 6.78121E-05 
1150 1100 2.35311E-04 4.77333E-04 4.14987E-04 5.89187E-04 9.07824E-04 6.82780E-05 2.27774E-04 5.00271E-05 
1150 1150 1.91072E-04 4.07849E-04 4.79393E-04 6.96808E-04 9.46465E-04 1.10226E-04 1.80452E-04 6.90596E-05 
1150 1200 2.86128E-04 4.50236E-04 3.08190E-04 6.22315E-04 9.02400E-04 1.41983E-04 2.24589E-04 3.15369E-05 
1150 1250 1.95139E-04 4.88327E-04 4.52012E-04 7.31653E-04 9.00549E-04 1.01489E-04 2.56523E-04 4.72205E-05 
1150 1300 2.36160E-04 3.74252E-04 3.72652E-04 6.09281E-04 8.07939E-04 1.23110E-04 1.57449E-04 1.48272E-05 
1150 1350 1.95074E-04 3.83770E-04 4.65853E-04 6.97271E-04 9.34304E-04 1.94279E-04 1.85107E-04 4.53877E-05 
1150 1400 2.71227E-04 4.36703E-04 3.63742E-04 6.72148E-04 1.21513E-03 8.59879E-05 2.28105E-04 1.83083E-05 
1150 1450 2.30351E-04 4.31311E-04 3.96056E-04 6.97098E-04 9.51051E-04 9.61678E-05 1.47580E-04 4.45980E-05 
1150 1500 1.48771E-04 6.02327E-04 4.98769E-04 5.21604E-04 1.02854E-03 1.47190E-04 1.97766E-04 5.26345E-05 
1150 1550 2.86663E-04 5.28521E-04 3.61595E-04 7.10461E-04 8.61355E-04 1.25602E-04 1.51822E-04 4.17993E-05 
1150 1600 1.98608E-04 5.37579E-04 3.48827E-04 6.45136E-04 8.46051E-04 1.28987E-04 1.42531E-04 5.47913E-05 
1150 1650 2.85325E-04 5.20613E-04 4.35860E-04 5.43565E-04 9.67752E-04 1.25485E-04 2.68094E-04 3.03972E-05 
1150 1700 2.40429E-04 4.51673E-04 3.93963E-04 5.98674E-04 9.72921E-04 1.64320E-04 2.96773E-04 3.45831E-05 
1150 1750 2.00766E-04 4.37084E-04 3.73508E-04 6.99705E-04 9.53412E-04 1.36024E-04 1.50549E-04 4.15062E-05 
1150 1800 2.62590E-04 4.33741E-04 4.76058E-04 6.37804E-04 1.07400E-03 1.66712E-04 1.87125E-04 2.57305E-05 
1150 1850 2.58816E-04 4.28042E-04 3.48854E-04 6.27710E-04 1.02306E-03 1.06696E-04 2.12675E-04 3.35149E-05 
1150 1900 1.99342E-04 5.17130E-04 3.79935E-04 6.07043E-04 9.34187E-04 1.31068E-04 1.98258E-04 4.85846E-05 
1150 1950 2.39692E-04 3.57568E-04 5.50785E-04 6.39876E-04 9.56911E-04 2.11313E-04 1.40460E-04 1.36884E-05 
1150 2000 2.94037E-04 4.73953E-04 4.70763E-04 6.06323E-04 9.66260E-04 1.43429E-04 2.16609E-04 2.84337E-05 
1150 2050 2.40018E-04 5.61917E-04 3.84278E-04 5.96895E-04 1.01204E-03 1.20441E-04 2.50159E-04 5.29693E-05 
1200 800 1.81495E-04 5.57489E-04 3.24414E-04 6.17036E-04 9.04441E-04 1.53487E-04 1.16981E-04 1.57717E-05 
1200 850 1.86180E-04 4.15584E-04 5.07255E-04 6.43167E-04 1.02861E-03 1.26804E-04 2.00720E-04 5.24067E-05 
1200 900 2.27809E-04 4.65801E-04 3.84934E-04 6.61005E-04 9.15164E-04 1.09338E-04 1.33256E-04 3.85195E-05 
1200 950 2.59936E-04 3.98703E-04 5.10902E-04 5.79429E-04 9.81487E-04 1.23772E-04 2.28586E-04 2.90847E-05 
1200 1000 2.27341E-04 3.36338E-04 4.44991E-04 6.76313E-04 9.12899E-04 1.95905E-04 1.87398E-04 2.59802E-05 
1200 1050 1.78039E-04 4.02949E-04 3.39889E-04 5.30275E-04 8.67090E-04 2.22076E-04 2.75630E-04 3.67111E-05 
1200 1100 2.90475E-04 4.45162E-04 4.04223E-04 5.50616E-04 9.37725E-04 1.16091E-04 2.16948E-04 1.10282E-05 
1200 1150 1.34877E-04 4.45895E-04 3.52436E-04 6.29063E-04 8.97180E-04 1.64872E-04 1.63410E-04 4.68611E-05 
1200 1200 2.10623E-04 6.04552E-04 3.96321E-04 5.43036E-04 9.14979E-04 1.34362E-04 2.37285E-04 2.71410E-05 
1200 1250 2.40709E-04 3.63137E-04 4.38885E-04 6.25501E-04 1.02239E-03 1.35785E-04 1.93679E-04 1.47540E-05 
1200 1300 2.65399E-04 4.33222E-04 4.63851E-04 7.24252E-04 8.93585E-04 1.18292E-04 1.13623E-04 2.21588E-05 
1200 1350 1.75670E-04 3.96529E-04 4.48632E-04 5.66383E-04 9.97958E-04 1.35067E-04 1.12801E-04 6.25714E-05 
1200 1400 2.25723E-04 3.95017E-04 4.39371E-04 5.40017E-04 8.56028E-04 1.76141E-04 2.49952E-04 2.75183E-05 
1200 1450 2.29548E-04 5.23705E-04 4.62789E-04 5.46556E-04 1.03036E-03 2.09598E-04 2.04232E-04 3.30128E-05 
1200 1500 3.10357E-04 4.18854E-04 4.54342E-04 6.49105E-04 9.05952E-04 1.56093E-04 2.14574E-04 2.11249E-05 
1200 1550 2.40832E-04 5.00593E-04 3.90678E-04 5.34972E-04 8.46573E-04 8.52931E-05 2.10523E-04 2.42683E-05 
1200 1600 2.20964E-04 4.51882E-04 3.75298E-04 6.76118E-04 8.63599E-04 1.26798E-04 2.59735E-04 2.20699E-05 
1200 1650 2.03874E-04 5.39007E-04 4.51796E-04 7.05805E-04 7.90330E-04 1.69116E-04 1.87663E-04 4.79236E-05 
1200 1700 2.66070E-04 5.01151E-04 4.55863E-04 7.16964E-04 9.39877E-04 1.33943E-04 1.88143E-04 3.16739E-05 
1200 1750 2.81659E-04 5.21046E-04 5.00485E-04 6.95693E-04 9.18036E-04 1.56071E-04 1.51064E-04 2.96514E-05 
1200 1800 2.69349E-04 4.18206E-04 4.67880E-04 5.66432E-04 9.85753E-04 1.94771E-04 2.26921E-04 7.29346E-05 
1200 1850 2.07261E-04 4.10519E-04 4.45187E-04 6.42097E-04 9.55048E-04 1.47807E-04 1.98088E-04 2.34726E-05 
1200 1900 2.01927E-04 4.82550E-04 3.62392E-04 6.21183E-04 9.99871E-04 1.08111E-04 2.17498E-04 5.65189E-05 
1200 1950 2.20942E-04 4.06153E-04 4.19248E-04 5.85397E-04 8.83683E-04 1.26752E-04 2.12494E-04 2.35145E-05 
1200 2000 2.76993E-04 4.48446E-04 5.06984E-04 6.92112E-04 8.95317E-04 1.96657E-04 2.53270E-04 4.35361E-05 
1200 2050 2.49509E-04 4.33401E-04 4.08648E-04 5.95446E-04 9.40156E-04 1.16044E-04 1.64569E-04 2.79976E-05 
1250 800 2.91916E-04 4.30620E-04 5.42594E-04 6.63119E-04 9.28100E-04 1.47941E-04 1.97344E-04 5.44379E-05 
1250 850 1.64871E-04 4.83787E-04 4.53283E-04 4.60994E-04 9.89412E-04 1.39512E-04 1.63015E-04 1.25298E-04 
1250 900 1.95690E-04 4.46517E-04 4.96364E-04 5.81287E-04 8.78897E-04 1.48560E-04 1.35017E-04 2.25374E-05 
1250 950 1.65457E-04 4.29661E-04 4.76496E-04 6.53352E-04 9.43333E-04 1.10642E-04 1.74062E-04 3.69084E-05 
1250 1000 3.18924E-04 3.94730E-04 4.44246E-04 7.34796E-04 1.01538E-03 1.67642E-04 2.06263E-04 5.92091E-05 
1250 1050 2.65066E-04 4.76288E-04 4.92377E-04 6.19959E-04 1.15608E-03 8.85266E-05 1.60139E-04 5.65083E-05 
1250 1100 2.47420E-04 5.22404E-04 3.94024E-04 7.45839E-04 7.89071E-04 1.70745E-04 2.32343E-04 3.03383E-05 
1250 1150 2.71926E-04 5.33034E-04 4.84395E-04 6.59633E-04 1.13995E-03 1.13471E-04 1.97690E-04 2.73772E-05 
1250 1200 2.09821E-04 4.15779E-04 4.67910E-04 7.07733E-04 9.79755E-04 5.60044E-05 1.64764E-04 2.32706E-05 
1250 1250 2.68515E-04 4.50749E-04 3.55967E-04 6.08359E-04 1.03420E-03 1.43586E-04 1.42078E-04 2.43694E-05 
1250 1300 2.40254E-04 4.37508E-04 3.92829E-04 5.73369E-04 8.51508E-04 1.40351E-04 2.39458E-04 7.12950E-05 
1250 1350 2.80339E-04 3.59921E-04 3.86572E-04 5.84023E-04 8.63060E-04 1.31933E-04 1.76050E-04 4.94232E-05 
1250 1400 2.42830E-04 5.62531E-04 3.94717E-04 4.92795E-04 9.75350E-04 1.04327E-04 1.51001E-04 2.09677E-05 
1250 1450 2.12748E-04 4.65782E-04 4.63530E-04 6.55249E-04 9.32481E-04 2.05273E-04 1.83886E-04 1.94829E-05 
1250 1500 2.30416E-04 3.70896E-04 4.58680E-04 7.03751E-04 1.00823E-03 1.78683E-04 2.32235E-04 1.90710E-05 
1250 1550 2.16153E-04 4.97475E-04 4.50277E-04 5.47042E-04 9.56007E-04 1.33885E-04 1.39554E-04 1.86268E-05 
1250 1600 1.93928E-04 4.52206E-04 3.75917E-04 6.07461E-04 8.14589E-04 1.62997E-04 2.25084E-04 1.41347E-05 
1250 1650 2.64635E-04 5.36623E-04 5.47227E-04 5.13383E-04 1.06465E-03 1.30923E-04 2.28361E-04 3.84397E-05 
1250 1700 1.74006E-04 5.38615E-04 4.64134E-04 5.98961E-04 8.49627E-04 1.03479E-04 1.30547E-04 5.20020E-05 
1250 1750 2.69273E-04 3.74120E-04 3.88870E-04 7.04830E-04 8.49628E-04 6.05385E-05 1.43885E-04 2.38480E-05 
1250 1800 2.31854E-04 4.39943E-04 5.67548E-04 5.89943E-04 8.77741E-04 1.26487E-04 1.45165E-04 2.74275E-05 
1250 1850 2.25586E-04 5.17012E-04 4.53875E-04 5.56056E-04 8.88483E-04 1.40360E-04 1.73683E-04 2.10491E-05 
1250 1900 3.20088E-04 4.07650E-04 3.73280E-04 5.71568E-04 9.06585E-04 1.96619E-04 1.57788E-04 2.41618E-05 
1250 1950 2.57243E-04 5.17364E-04 4.16231E-04 6.39254E-04 9.99389E-04 1.55771E-04 1.60914E-04 2.57617E-05 
1250 2000 2.24287E-04 3.91887E-04 5.00815E-04 5.76543E-04 1.02754E-03 1.40892E-04 1.31615E-04 2.55427E-05 
1250 2050 2.09830E-04 5.13549E-04 4.27842E-04 6.92139E-04 1.05455E-03 2.08872E-04 1.93467E-04 3.52796E-05 
1300 800 3.05777E-04 5.96022E-04 4.36728E-04 5.75144E-04 9.34486E-04 8.92979E-05 2.18542E-04 6.26098E-05 
1300 850 3.32450E-04 5.00593E-04 4.05371E-04 6.10452E-04 8.59551E-04 1.36689E-04 2.08120E-04 2.66406E-05 
1300 900 2.61684E-04 4.95153E-04 4.30650E-04 6.21781E-04 8.74375E-04 1.46905E-04 2.35508E-04 3.32969E-05 
1300 950 2.78371E-04 4.72907E-04 4.63410E-04 6.95589E-04 1.05386E-03 1.40698E-04 2.19399E-04 7.25440E-05 
1300 1000 1.50792E-04 4.29764E-04 4.61589E-04 5.53801E-04 8.47124E-04 8.03947E-05 1.78854E-04 4.32393E-05 
1300 1050 2.71518E-04 3.79780E-04 3.56554E-04 6.96197E-04 1.00869E-03 6.68583E-05 2.23978E-04 2.84955E-05 
1300 1100 2.38925E-04 4.74138E-04 4.14831E-04 6.68198E-04 9.87491E-04 1.28887E-04 1.27606E-04 4.13509E-05 
1300 1150 2.53155E-04 5.19070E-04 4.59212E-04 5.16897E-04 8.09188E-04 1.50364E-04 2.36133E-04 5.45313E-05 
1300 1200 1.74127E-04 5.95759E-04 5.35373E-04 5.65096E-04 8.41566E-04 1.07377E-04 1.75144E-04 1.48199E-05 
1300 1250 1.62711E-04 4.19342E-04 4.06947E-04 7.47372E-04 9.01779E-04 1.66209E-04 2.14794E-04 3.49632E-05 
1300 1300 2.40426E-04 4.81541E-04 3.27819E-04 6.31037E-04 9.98485E-04 1.36031E-04 1.49751E-04 2.63473E-05 
1300 1350 2.57296E-04 4.58472E-04 3.81794E-04 6.62626E-04 9.02351E-04 9.68026E-05 1.91634E-04 9.66213E-05 
1300 1400 1.64603E-04 4.12895E-04 4.69679E-04 7.05443E-04 1.00398E-03 1.19632E-04 2.06061E-04 2.04148E-05 
1300 1450 2.36043E-04 4.22909E-04 3.65484E-04 6.09470E-04 8.51939E-04 1.02969E-04 2.13217E-04 6.17405E-05 
1300 1500 2.62301E-04 4.80901E-04 4.64608E-04 5.80552E-04 1.02164E-03 1.07931E-04 2.02099E-04 3.45117E-05 
1300 1550 2.44868E-04 4.63792E-04 4.87214E-04 5.40167E-04 1.01315E-03 1.36087E-04 2.05021E-04 3.01543E-05 
1300 1600 2.08979E-04 4.51063E-04 4.10518E-04 5.79294E-04 1.01289E-03 1.80681E-04 2.19285E-04 3.70155E-05 
1300 1650 3.02255E-04 5.33507E-04 5.65914E-04 6.51832E-04 8.35977E-04 8.02935E-05 1.34684E-04 5.68034E-05 
1300 1700 2.58038E-04 5.31045E-04 4.26679E-04 6.66576E-04 1.05749E-03 1.27143E-04 2.33422E-04 6.28246E-05 
1300 1750 2.34002E-04 4.26530E-04 4.53218E-04 7.05626E-04 1.03562E-03 1.30169E-04 1.46486E-04 1.37956E-05 
1300 1800 2.41718E-04 5.42062E-04 4.32008E-04 6.76399E-04 7.95294E-04 1.46993E-04 2.13105E-04 6.85060E-05 
1300 1850 2.26409E-04 4.57487E-04 4.43591E-04 5.66118E-04 8.62086E-04 1.37802E-04 2.22678E-04 2.62664E-05 
1300 1900 2.33889E-04 4.22023E-04 3.31376E-04 7.27169E-04 9.41203E-04 1.21068E-04 1.70337E-04 2.72252E-05 
1300 1950 2.47517E-04 4.53432E-04 4.40626E-04 6.24021E-04 9.26499E-04 1.47459E-04 2.34718E-04 2.83891E-05 
1300 2000 2.17224E-04 3.65525E-04 3.24371E-04 6.82627E-04 9.62379E-04 1.31732E-04 1.98796E-04 2.93514E-05 
1300 2050 1.88479E-04 4.34375E-04 4.08473E-04 4.77643E-04 9.48257E-04 1.43500E-04 2.11402E-04 4.37585E-05 
1350 800 1.79430E-04 4.11486E-04 4.37413E-04 6.87469E-04 1.07269E-03 1.92559E-04 1.55856E-04 6.09525E-05 
1350 850 2.22300E-04 3.67103E-04 4.60479E-04 7.71982E-04 9.00251E-04 1.51405E-04 2.01915E-04 8.67522E-06 
1350 900 1.78906E-04 4.79370E-04 3.21042E-04 6.27490E-04 1.08424E-03 8.79405E-05 1.64823E-04 6.39452E-05 
1350 950 2.57055E-04 4.25725E-04 4.35320E-04 5.75579E-04 9.45578E-04 1.19756E-04 2.18846E-04 1.33788E-05 
1350 1000 2.47763E-04 5.31446E-04 4.14505E-04 6.81553E-04 9.18032E-04 1.47268E-04 1.81577E-04 3.25456E-05 
1350 1050 2.18459E-04 3.64717E-04 4.07516E-04 5.95302E-04 9.17044E-04 1.56445E-04 1.25440E-04 2.74979E-05 
1350 1100 2.62399E-04 4.85325E-04 4.28919E-04 5.79385E-04 1.01808E-03 1.49869E-04 1.72309E-04 2.75160E-05 
1350 1150 2.22389E-04 5.27735E-04 5.09487E-04 6.00463E-04 9.83979E-04 1.29106E-04 1.88618E-04 4.55341E-05 
1350 1200 2.06818E-04 4.38325E-04 3.48766E-04 5.86986E-04 9.41354E-04 9.61585E-05 1.00023E-04 2.07026E-05 
1350 1250 2.92218E-04 4.47979E-04 4.08200E-04 5.91788E-04 8.51516E-04 1.34714E-04 2.31009E-04 4.02475E-05 
1350 1300 1.83041E-04 4.68793E-04 4.35451E-04 4.90905E-04 1.10929E-03 1.08831E-04 1.89949E-04 2.37416E-05 
1350 1350 3.05573E-04 4.91672E-04 4.34452E-04 6.04885E-04 8.78395E-04 1.17394E-04 1.97262E-04 3.88164E-05 
1350 1400 2.07260E-04 4.65369E-04 4.09543E-04 6.68561E-04 8.67167E-04 1.03139E-04 1.56590E-04 3.73475E-05 
1350 1450 2.75101E-04 5.39968E-04 3.28015E-04 6.66557E-04 9.86620E-04 1.11696E-04 1.84546E-04 2.72922E-05 
1350 1500 2.35127E-04 3.76266E-04 4.78235E-04 6.55590E-04 8.44301E-04 1.61003E-04 2.64360E-04 1.06998E-05 
1350 1550 2.62326E-04 5.43178E-04 4.59573E-04 5.42592E-04 9.62369E-04 1.20031E-04 2.41037E-04 2.17372E-05 
1350 1600 2.66100E-04 4.64313E-04 4.39036E-04 6.34636E-04 9.09121E-04 1.22811E-04 2.02186E-04 5.33046E-05 
1350 1650 3.11398E-04 4.00801E-04 4.59614E-04 6.02088E-04 9.29296E-04 1.62324E-04 1.55067E-04 3.59178E-05 
1350 1700 2.22381E-04 5.00080E-04 3.92049E-04 5.66275E-04 9.82654E-04 1.48804E-04 2.11654E-04 2.82999E-05 
1350 1750 2.52886E-04 4.96616E-04 3.98612E-04 6.09497E-04 8.42898E-04 1.14866E-04 1.89460E-04 3.06825E-05 
1350 1800 2.11050E-04 4.36616E-04 4.96253E-04 5.67809E-04 1.02105E-03 1.42531E-04 1.17731E-04 2.08553E-05 
1350 1850 2.74777E-04 5.20033E-04 4.21879E-04 5.49955E-04 8.93863E-04 1.36730E-04 1.71324E-04 5.45560E-05 
1350 1900 2.10814E-04 4.56503E-04 4.46573E-04 6.06117E-04 7.41863E-04 1.12523E-04 1.63730E-04 6.55754E-05 
1350 1950 2.10035E-04 3.90861E-04 4.20933E-04 5.66177E-04 8.84816E-04 2.24112E-04 2.16090E-04 5.34992E-05 
1350 2000 2.50541E-04 4.40676E-04 3.69000E-04 6.73478E-04 8.50233E-04 1.54438E-04 1.83693E-04 1.33957E-05 
1350 2050 2.92106E-04 5.42311E-04 3.15468E-04 5.38708E-04 9.58490E-04 1.25624E-04 1.77595E-04 1.89219E-05 
1400 800 2.61947E-04 4.70187E-04 4.60211E-04 6.20128E-04 1.04926E-03 7.28807E-05 1.64496E-04 4.23119E-05 
1400 850 1.42282E-04 5.58434E-04 4.76153E-04 4.83177E-04 9.38618E-04 1.23507E-04 1.16318E-04 2.05347E-05 
1400 900 1.51708E-04 5.92919E-04 4.18315E-04 6.53635E-04 8.99805E-04 9.91386E-05 2.06898E-04 4.88996E-05 
1400 950 2.05218E-04 5.76494E-04 5.22915E-04 6.28820E-04 9.03284E-04 9.62248E-05 1.83046E-04 5.47717E-05 
1400 1000 1.96735E-04 4.94903E-04 4.59304E-04 5.99270E-04 9.42316E-04 9.08512E-05 1.91932E-04 4.92926E-05 
1400 1050 1.48960E-04 4.25544E-04 4.65274E-04 6.17737E-04 8.72108E-04 9.56142E-05 1.60379E-04 3.96908E-05 
1400 1100 2.47846E-04 4.94023E-04 4.85619E-04 6.25410E-04 9.35655E-04 1.48743E-04 1.84925E-04 7.41263E-05 
1400 1150 2.63486E-04 4.99993E-04 6.00597E-04 6.09763E-04 1.11724E-03 1.30145E-04 1.36957E-04 4.38973E-05 
1400 1200 3.06073E-04 4.17989E-04 3.57794E-04 7.48035E-04 8.15845E-04 1.10176E-04 2.14655E-04 4.40029E-05 
1400 1250 2.57441E-04 4.05192E-04 4.42683E-04 7.37999E-04 9.45382E-04 1.77463E-04 1.71411E-04 2.35209E-05 
1400 1300 1.54690E-04 4.22916E-04 4.59698E-04 6.66015E-04 8.66420E-04 1.22552E-04 1.84557E-04 1.71688E-05 
1400 1350 1.89087E-04 5.00280E-04 3.21056E-04 6.45002E-04 9.19775E-04 1.45632E-04 2.40830E-04 3.97310E-05 
1400 1400 4.43770E-04 4.07266E-04 5.75932E-04 5.88070E-04 1.04339E-03 1.51784E-04 1.72148E-04 1.99956E-05 
1400 1450 2.19449E-04 3.93889E-04 4.82551E-04 5.88705E-04 9.16851E-04 1.37055E-04 1.36231E-04 2.36803E-05 
1400 1500 2.34995E-04 5.55064E-04 4.47696E-04 5.33818E-04 1.08063E-03 1.74389E-04 1.53854E-04 2.63569E-05 
1400 1550 2.05925E-04 4.29703E-04 3.75663E-04 6.74867E-04 9.62957E-04 1.32729E-04 1.82437E-04 6.53386E-05 
1400 1600 2.00979E-04 5.65295E-04 3.91778E-04 5.85933E-04 9.70411E-04 1.25820E-04 1.86787E-04 2.91826E-05 
1400 1650 2.63861E-04 4.74434E-04 4.22190E-04 6.35881E-04 8.35017E-04 1.31581E-04 1.74790E-04 1.33238E-05 
1400 1700 2.49815E-04 5.50458E-04 3.56492E-04 6.90768E-04 8.94162E-04 1.12949E-04 2.71477E-04 3.47462E-05 
1400 1750 2.43763E-04 4.49071E-04 4.16373E-04 5.38306E-04 8.63691E-04 1.50141E-04 1.78822E-04 5.68013E-05 
1400 1800 3.01594E-04 5.37486E-04 4.26571E-04 5.59949E-04 8.52992E-04 1.19650E-04 1.67342E-04 1.44100E-05 
1400 1850 2.40026E-04 4.82777E-04 4.56876E-04 6.32890E-04 9.32952E-04 1.23765E-04 1.61984E-04 1.92393E-05 
1400 1900 1.85080E-04 4.98303E-04 4.07281E-04 5.41967E-04 9.76386E-04 1.69219E-04 1.85284E-04 3.59623E-05 
1400 1950 2.06010E-04 5.87490E-04 4.72639E-04 6.75622E-04 9.45155E-04 1.10275E-04 2.93673E-04 4.49932E-05 
1400 2000 2.35706E-04 4.25385E-04 3.50236E-04 6.54186E-04 9.79858E-04 1.04372E-04 1.84423E-04 3.50007E-05 
1400 2050 2.67419E-04 5.48795E-04 4.87564E-04 7.35601E-04 1.01613E-03 1.41406E-04 1.44023E-04 3.01056E-05 
1450 800 2.71365E-04 5.82053E-04 3.11037E-04 6.89490E-04 1.11653E-03 1.43324E-04 1.23627E-04 3.87293E-05 
1450 850 2.59376E-04 4.85666E-04 4.95350E-04 6.60525E-04 9.20176E-04 1.59914E-04 1.79180E-04 2.07945E-05 
1450 900 1.97355E-04 5.16304E-04 4.48594E-04 6.85903E-04 9.69208E-04 1.09413E-04 2.03563E-04 8.24848E-05 
1450 950 2.55349E-04 5.24761E-04 4.46621E-04 6.13074E-04 8.92847E-04 1.55868E-04 1.59490E-04 1.97819E-05 
1450 1000 2.67178E-04 5.44659E-04 3.53688E-04 7.56389E-04 8.40392E-04 1.08639E-04 2.15133E-04 4.17432E-05 
1450 1050 2.18278E-04 3.84677E-04 4.79883E-04 6.33640E-04 9.02682E-04 1.05581E-04 3.00137E-04 4.41870E-05 
1450 1100 2.67428E-04 4.72823E-04 5.60408E-04 5.62658E-04 1.10796E-03 1.60148E-04 2.11330E-04 3.20663E-05 
1450 1150 2.99449E-04 3.43089E-04 4.74171E-04 6.10378E-04 1.04130E-03 1.11961E-04 1.68339E-04 3.79794E-05 
1450 1200 2.65756E-04 5.36243E-04 4.91164E-04 5.23792E-04 7.62402E-04 1.28788E-04 1.27167E-04 1.55873E-05 
1450 1250 2.37939E-04 4.07747E-04 4.14287E-04 5.79684E-04 8.17619E-04 1.50498E-04 2.43898E-04 7.80973E-05 
1450 1300 2.34718E-04 4.40349E-04 4.62842E-04 5.66763E-04 9.60899E-04 1.42122E-04 1.44018E-04 1.61171E-05 
1450 1350 2.63055E-04 4.07336E-04 4.94286E-04 5.37899E-04 9.35520E-04 9.22938E-05 1.49358E-04 1.90417E-05 
1450 1400 2.91094E-04 4.70951E-04 3.68621E-04 6.34487E-04 8.47765E-04 6.47278E-05 2.09052E-04 1.22275E-05 
1450 1450 3.24446E-04 3.18709E-04 4.00461E-04 5.23169E-04 9.64935E-04 1.97733E-04 2.69075E-04 3.03969E-05 
1450 1500 2.40739E-04 4.21861E-04 4.09723E-04 5.51453E-04 8.86461E-04 1.06983E-04 1.56300E-04 8.23106E-05 
1450 1550 2.98901E-04 5.58701E-04 4.58305E-04 6.81166E-04 1.01449E-03 1.21630E-04 1.47232E-04 2.17640E-05 
1450 1600 2.37804E-04 4.31135E-04 4.90152E-04 7.09567E-04 9.84728E-04 1.46661E-04 1.31328E-04 5.54182E-05 
1450 1650 2.50978E-04 4.29151E-04 4.08176E-04 5.53546E-04 9.17778E-04 8.90184E-05 2.22220E-04 3.03718E-05 
1450 1700 2.51983E-04 4.60256E-04 3.60781E-04 5.99166E-04 1.04679E-03 1.37267E-04 1.37624E-04 3.75152E-05 
1450 1750 2.41810E-04 4.62983E-04 3.97676E-04 6.00565E-04 8.24960E-04 7.97649E-05 1.60338E-04 6.17207E-05 
1450 1800 1.80582E-04 4.80090E-04 4.86488E-04 4.73339E-04 1.09406E-03 1.09340E-04 1.75711E-04 4.80361E-05 
1450 1850 2.18634E-04 3.99714E-04 3.45294E-04 7.17676E-04 8.84423E-04 1.25166E-04 1.68531E-04 4.26073E-05 
1450 1900 2.65746E-04 5.09810E-04 3.67159E-04 7.14474E-04 9.96275E-04 1.35468E-04 2.33715E-04 6.47162E-05 
1450 1950 2.23380E-04 4.37908E-04 5.17624E-04 5.39119E-04 9.30013E-04 1.12011E-04 1.94714E-04 2.72051E-05 
1450 2000 1.96073E-04 4.33981E-04 4.42798E-04 7.25256E-04 1.00136E-03 1.89384E-04 1.50044E-04 5.23198E-05 
1450 2050 2.19541E-04 6.10577E-04 4.42163E-04 6.14037E-04 9.80530E-04 9.99972E-05 2.03258E-04 4.70633E-05 
1500 800 2.17667E-04 4.27570E-04 4.55894E-04 6.46543E-04 1.03197E-03 1.44449E-04 1.62575E-04 6.48949E-05 
1500 850 2.30173E-04 4.76111E-04 4.39090E-04 6.52062E-04 9.17135E-04 1.66205E-04 1.38062E-04 4.38178E-05 
1500 900 2.33508E-04 3.68025E-04 4.52853E-04 6.45763E-04 9.22191E-04 7.82353E-05 1.57482E-04 2.38578E-05 
1500 950 2.27965E-04 4.91387E-04 5.45245E-04 5.82638E-04 8.39588E-04 1.06644E-04 1.89997E-04 4.85134E-05 
1500 1000 3.43024E-04 3.69172E-04 3.59349E-04 6.20216E-04 8.25244E-04 1.19616E-04 2.77260E-04 2.84484E-05 
1500 1050 3.52933E-04 3.82595E-04 4.09193E-04 5.69432E-04 1.04502E-03 6.57517E-05 1.39713E-04 4.91404E-05 
1500 1100 2.03096E-04 4.32220E-04 4.38523E-04 6.64060E-04 9.33117E-04 1.17252E-04 2.13588E-04 3.40436E-05 
1500 1150 2.58703E-04 5.40284E-04 3.98747E-04 5.40958E-04 1.06391E-03 1.58737E-04 2.35428E-04 3.65262E-05 
1500 1200 1.89415E-04 5.55428E-04 4.91161E-04 7.46336E-04 1.02415E-03 1.16600E-04 2.04790E-04 2.06788E-05 
1500 1250 2.13597E-04 3.51044E-04 3.81912E-04 6.37145E-04 9.55633E-04 8.86213E-05 1.83275E-04 1.20570E-05 
1500 1300 2.64827E-04 3.97410E-04 3.18626E-04 5.36886E-04 9.38925E-04 1.52219E-04 1.79901E-04 3.11474E-05 
1500 1350 2.37411E-04 4.94717E-04 4.06410E-04 6.05224E-04 1.02691E-03 8.01697E-05 1.29564E-04 4.20301E-05 
1500 1400 2.82530E-04 4.57560E-04 4.60225E-04 7.56800E-04 9.90429E-04 8.78190E-05 1.28782E-04 3.15154E-05 
1500 1450 2.11659E-04 4.04015E-04 5.13972E-04 4.82607E-04 1.02608E-03 9.01777E-05 1.46331E-04 5.63724E-05 
1500 1500 2.95169E-04 6.09048E-04 5.30492E-04 6.15695E-04 9.78879E-04 1.44214E-04 2.25905E-04 7.49803E-05 
1500 1550 2.41470E-04 4.74894E-04 3.53082E-04 5.94777E-04 8.18358E-04 1.81285E-04 1.71250E-04 2.96953E-05 
1500 1600 2.31674E-04 4.32249E-04 3.96831E-04 6.96583E-04 1.07244E-03 1.14220E-04 1.49675E-04 8.47349E-05 
1500 1650 2.62173E-04 4.79865E-04 4.28891E-04 6.57808E-04 9.16366E-04 1.34975E-04 1.94799E-04 2.84219E-05 
1500 1700 2.60346E-04 5.08589E-04 4.78330E-04 7.10962E-04 9.06380E-04 1.78616E-04 1.86886E-04 4.77361E-05 
1500 1750 3.06000E-04 4.81284E-04 4.53800E-04 7.19623E-04 8.42294E-04 1.67298E-04 2.03615E-04 2.72014E-05 
1500 1800 2.01177E-04 4.69112E-04 4.30897E-04 5.14427E-04 9.76291E-04 1.44292E-04 1.80639E-04 3.37190E-05 
1500 1850 2.02395E-04 4.95189E-04 4.47313E-04 6.23209E-04 9.63715E-04 1.51886E-04 1.68193E-04 3.39152E-05 
1500 1900 3.40818E-04 5.08314E-04 4.07275E-04 6.89281E-04 1.04050E-03 1.44203E-04 2.53285E-04 3.82733E-05 
1500 1950 2.24279E-04 4.40574E-04 3.99570E-04 7.02046E-04 8.20652E-04 1.00993E-04 2.12350E-04 6.07773E-05 
1500 2000 2.16282E-04 4.77307E-04 4.12104E-04 5.46382E-04 1.01476E-03 1.29383E-04 1.84322E-04 3.90930E-05 
1500 2050 2.44411E-04 4.43907E-04 5.36082E-04 6.79398E-04 1.07706E-03 1.19896E-04 1.84353E-04 5.22557E-05 
1550 800 2.82050E-04 5.71002E-04 4.58181E-04 6.25521E-04 9.56306E-04 1.30353E-04 1.64687E-04 3.12640E-05 
1550 850 2.88257E-04 4.26613E-04 4.21566E-04 7.33181E-04 9.08408E-04 1.41497E-04 1.95388E-04 6.31270E-05 
1550 900 2.48510E-04 4.50322E-04 4.30361E-04 5.83669E-04 9.57173E-04 1.72958E-04 1.59320E-04 6.09170E-05 
1550 950 2.16156E-04 4.03070E-04 3.86883E-04 5.78689E-04 9.74533E-04 1.35048E-04 2.40853E-04 3.08657E-05 
1550 1000 2.47663E-04 4.80067E-04 4.88312E-04 6.07011E-04 9.81502E-04 1.33139E-04 2.43813E-04 7.53319E-05 
1550 1050 3.05644E-04 5.30238E-04 4.17065E-04 5.22762E-04 8.38833E-04 1.53069E-04 2.34064E-04 4.12718E-05 
1550 1100 2.21655E-04 4.19443E-04 4.08973E-04 6.71882E-04 8.75163E-04 1.34893E-04 1.53211E-04 1.99771E-05 
1550 1150 2.88431E-04 4.80892E-04 3.66451E-04 6.55172E-04 8.68232E-04 1.14933E-04 2.30962E-04 3.51847E-05 
1550 1200 2.89433E-04 4.51406E-04 4.00538E-04 5.06056E-04 9.34396E-04 7.26647E-05 1.68095E-04 4.94836E-05 
1550 1250 2.38662E-04 4.07223E-04 4.07388E-04 6.12334E-04 9.71089E-04 1.49600E-04 1.04381E-04 3.06188E-05 
1550 1300 1.96898E-04 5.19375E-04 4.83197E-04 6.04854E-04 9.51736E-04 1.22326E-04 1.76955E-04 4.19214E-05 
1550 1350 2.31586E-04 5.11252E-04 4.70742E-04 5.45372E-04 1.01177E-03 1.52699E-04 2.06254E-04 3.25468E-05 
1550 1400 2.12366E-04 4.89199E-04 5.33226E-04 7.15743E-04 8.77267E-04 1.08104E-04 1.92160E-04 4.84859E-05 
1550 1450 2.44395E-04 4.55348E-04 4.75725E-04 6.80784E-04 1.00233E-03 1.21234E-04 1.94082E-04 4.88917E-05 
1550 1500 3.33322E-04 5.64917E-04 3.75081E-04 7.56928E-04 8.49387E-04 1.21805E-04 2.43889E-04 2.93590E-05 
1550 1550 2.00927E-04 5.45741E-04 3.86257E-04 6.92234E-04 1.04174E-03 1.47086E-04 1.46584E-04 4.30131E-05 
1550 1600 2.18502E-04 4.86229E-04 4.48176E-04 6.04078E-04 9.96291E-04 1.63899E-04 1.88557E-04 8.63418E-06 
1550 1650 2.55948E-04 4.40852E-04 3.81700E-04 6.93650E-04 8.45556E-04 2.25593E-04 1.93116E-04 1.50137E-05 
1550 1700 1.92992E-04 3.78384E-04 5.41035E-04 6.72655E-04 9.67729E-04 1.02465E-04 1.77207E-04 2.62032E-05 
1550 1750 2.73588E-04 5.82934E-04 3.27710E-04 7.21667E-04 9.51435E-04 1.31867E-04 1.54020E-04 3.16872E-05 
1550 1800 2.44317E-04 4.44695E-04 4.20221E-04 6.00136E-04 9.15513E-04 1.65990E-04 2.33339E-04 4.06002E-05 
1550 1850 2.23871E-04 4.88021E-04 3.74147E-04 5.64772E-04 9.06064E-04 1.31852E-04 1.87925E-04 3.16982E-05 
1550 1900 1.54357E-04 4.63099E-04 3.18546E-04 5.99647E-04 8.92451E-04 8.47792E-05 2.48908E-04 3.72460E-05 
1550 1950 2.44752E-04 4.50953E-04 4.71919E-04 6.83211E-04 9.27890E-04 1.86915E-04 1.65134E-04 4.35947E-05 
1550 2000 2.79078E-04 4.75158E-04 4.41206E-04 5.93608E-04 1.01838E-03 1.38084E-04 1.55657E-04 5.46567E-05 
1550 2050 2.57101E-04 4.94554E-04 4.69338E-04 4.96691E-04 9.75861E-04 1.28425E-04 1.44721E-04 6.46262E-05 
1600 800 2.40182E-04 5.67543E-04 5.40178E-04 6.08299E-04 8.95897E-04 1.53914E-04 1.39607E-04 4.98625E-05 
1600 850 2.90767E-04 4.99984E-04 4.05273E-04 6.51424E-04 1.02303E-03 1.26624E-04 1.72064E-04 2.79535E-05 
1600 900 2.54559E-04 4.88083E-04 4.75454E-04 6.26203E-04 8.12047E-04 1.37706E-04 2.21358E-04 7.50691E-05 
1600 950 2.33263E-04 4.54520E-04 4.05066E-04 5.37151E-04 9.78288E-04 1.26778E-04 1.30381E-04 2.57768E-05 
1600 1000 2.42369E-04 4.44197E-04 4.25384E-04 5.43418E-04 1.02653E-03 1.15497E-04 2.00399E-04 4.11393E-05 
1600 1050 2.46797E-04 4.28788E-04 3.72458E-04 6.69747E-04 1.05465E-03 1.22884E-04 1.55807E-04 4.33943E-05 
1600 1100 2.30095E-04 5.75049E-04 4.43105E-04 6.61297E-04 9.75496E-04 8.05914E-05 2.32130E-04 2.78391E-05 
1600 1150 3.08627E-04 5.74183E-04 3.87502E-04 6.73146E-04 9.11872E-04 1.38667E-04 2.12774E-04 6.11653E-05 
1600 1200 2.21602E-04 4.28072E-04 3.75193E-04 8.02934E-04 9.16294E-04 1.73811E-04 1.99976E-04 2.74269E-05 
1600 1250 2.43355E-04 4.17324E-04 4.70931E-04 6.66852E-04 9.46199E-04 7.80078E-05 1.88200E-04 2.80107E-05 
1600 1300 2.44683E-04 4.75274E-04 4.04338E-04 6.30379E-04 9.52881E-04 9.71300E-05 2.31317E-04 1.78524E-05 
1600 1350 2.52660E-04 4.46091E-04 3.36202E-04 6.76405E-04 9.40888E-04 9.67450E-05 2.09422E-04 6.79656E-05 
1600 1400 2.78403E-04 4.56330E-04 4.33366E-04 6.67103E-04 1.06005E-03 1.47998E-04 2.43718E-04 1.76452E-05 
1600 1450 1.71717E-04 5.91123E-04 4.59881E-04 6.66564E-04 8.66416E-04 1.50005E-04 2.24531E-04 2.95673E-05 
1600 1500 2.21539E-04 3.51921E-04 3.73662E-04 5.49400E-04 9.54722E-04 8.20993E-05 1.74954E-04 2.52086E-05 
1600 1550 2.22706E-04 5.31236E-04 5.03713E-04 5.55837E-04 9.01787E-04 9.67596E-05 1.73660E-04 4.09526E-05 
1600 1600 2.98943E-04 4.73657E-04 4.23814E-04 6.48271E-04 1.08149E-03 1.69929E-04 2.36303E-04 4.56288E-05 
1600 1650 3.06907E-04 4.28698E-04 4.53117E-04 7.72961E-04 8.09223E-04 1.46710E-04 1.52127E-04 4.09966E-05 
1600 1700 2.90905E-04 5.17502E-04 3.56011E-04 6.91769E-04 9.32143E-04 1.27308E-04 1.89703E-04 2.50328E-05 
1600 1750 2.76689E-04 6.04107E-04 4.71641E-04 6.16363E-04 9.87992E-04 1.02593E-04 1.85833E-04 4.56606E-05 
1600 1800 2.95736E-04 4.11363E-04 4.66168E-04 7.08897E-04 9.26895E-04 1.62908E-04 1.73182E-04 2.70603E-05 
1600 1850 2.03558E-04 4.01688E-04 3.86375E-04 6.04793E-04 8.34149E-04 1.23571E-04 2.00217E-04 3.60133E-05 
1600 1900 2.43561E-04 4.10112E-04 5.21572E-04 6.54565E-04 1.01419E-03 1.26342E-04 1.74750E-04 6.08322E-05 
1600 1950 2.18092E-04 4.19905E-04 4.38020E-04 6.97287E-04 8.98735E-04 1.25325E-04 1.48246E-04 4.40348E-05 
1600 2000 2.59188E-04 4.79535E-04 3.82667E-04 5.96943E-04 1.01217E-03 1.45239E-04 1.88608E-04 3.24592E-05 
1600 2050 2.52562E-04 4.13232E-04 4.09169E-04 5.59597E-04 9.09909E-04 8.84575E-05 2.17463E-04 2.12612E-05 
1650 800 2.30695E-04 4.43822E-04 5.31082E-04 5.91762E-04 9.85787E-04 1.90512E-04 1.70710E-04 6.50689E-05 
1650 850 2.20344E-04 3.64586E-04 4.70998E-04 6.86614E-04 1.06709E-03 1.52195E-04 2.10581E-04 4.23196E-05 
1650 900 2.07784E-04 4.70719E-04 4.33602E-04 5.82630E-04 9.12847E-04 1.17799E-04 1.46332E-04 2.68193E-05 
1650 950 2.86228E-04 4.20838E-04 4.89166E-04 5.64234E-04 9.61860E-04 1.87768E-04 1.90484E-04 4.35349E-05 
1650 1000 2.50395E-04 5.39125E-04 4.27051E-04 6.60482E-04 9.75858E-04 1.91569E-04 1.64927E-04 6.78118E-05 
1650 1050 2.83159E-04 3.92353E-04 3.82413E-04 5.99028E-04 9.17139E-04 1.05613E-04 1.68511E-04 3.88473E-05 
1650 1100 2.86419E-04 4.74973E-04 3.81162E-04 5.80605E-04 8.43205E-04 1.16065E-04 1.75344E-04 2.62807E-05 
1650 1150 2.21508E-04 4.80323E-04 4.33760E-04 6.29188E-04 9.61206E-04 1.39429E-04 1.94690E-04 2.09215E-05 
1650 1200 1.74810E-04 4.87573E-04 4.59826E-04 6.43605E-04 9.73857E-04 1.63113E-04 2.05464E-04 3.21420E-05 
1650 1250 2.04153E-04 4.50414E-04 4.70040E-04 5.38408E-04 8.88781E-04 1.51980E-04 1.78944E-04 5.75120E-05 
1650 1300 2.32597E-04 4.18726E-04 3.78870E-04 6.84728E-04 8.66950E-04 1.01816E-04 2.43426E-04 2.25485E-05 
1650 1350 2.70106E-04 3.85607E-04 4.08977E-04 6.48947E-04 9.78451E-04 1.05687E-04 2.17492E-04 3.47264E-05 
1650 1400 2.49886E-04 4.32180E-04 4.07511E-04 6.19167E-04 9.82656E-04 1.21419E-04 1.48439E-04 2.30024E-05 
1650 1450 2.36563E-04 5.16673E-04 3.87752E-04 7.59649E-04 1.06214E-03 1.50380E-04 1.88300E-04 1.88191E-05 
1650 1500 2.41588E-04 5.54739E-04 4.51197E-04 5.47063E-04 9.92665E-04 1.78471E-04 2.53502E-04 5.26018E-05 
1650 1550 2.83390E-04 3.73576E-04 4.19725E-04 6.35792E-04 9.33608E-04 1.39688E-04 2.13927E-04 1.65498E-05 
1650 1600 1.83159E-04 4.64313E-04 5.04790E-04 6.89076E-04 9.43884E-04 1.75167E-04 1.97312E-04 3.34174E-05 
1650 1650 2.58180E-04 5.05810E-04 3.50301E-04 5.94084E-04 1.11435E-03 1.27872E-04 2.36405E-04 3.95724E-05 
1650 1700 2.82828E-04 5.24474E-04 4.20358E-04 6.05719E-04 8.18400E-04 1.21155E-04 1.62628E-04 4.99227E-05 
1650 1750 2.54862E-04 4.60865E-04 4.27960E-04 6.75173E-04 9.56557E-04 1.35363E-04 2.19066E-04 2.58107E-05 
1650 1800 2.63614E-04 4.56335E-04 5.26702E-04 7.00212E-04 8.35764E-04 1.44523E-04 1.73646E-04 3.21386E-05 
1650 1850 2.78571E-04 4.52195E-04 3.88288E-04 6.83184E-04 8.75434E-04 1.34400E-04 1.19051E-04 6.12569E-05 
1650 1900 1.76804E-04 4.48691E-04 3.39722E-04 5.36622E-04 9.54012E-04 1.19137E-04 2.25303E-04 2.24161E-05 
1650 1950 2.46715E-04 4.60455E-04 4.01491E-04 6.38952E-04 9.30407E-04 1.23502E-04 1.94220E-04 4.04397E-05 
1650 2000 2.04943E-04 5.23178E-04 4.39323E-04 6.32286E-04 9.06512E-04 1.33258E-04 2.10090E-04 2.79747E-05 
1650 2050 2.65521E-04 4.81228E-04 4.20937E-04 6.36215E-04 9.23031E-04 1.51976E-04 1.90121E-04 5.23782E-05 
1700 800 2.50155E-04 4.31266E-04 3.81165E-04 5.06062E-04 1.00338E-03 9.63261E-05 1.54811E-04 2.54443E-05 
1700 850 2.49434E-04 4.80464E-04 4.45204E-04 6.76664E-04 1.00863E-03 1.32703E-04 1.99273E-04 4.81206E-05 
1700 900 2.46354E-04 5.02691E-04 4.05184E-04 5.61952E-04 9.94950E-04 1.33613E-04 1.60472E-04 2.90932E-05 
1700 950 2.05700E-04 4.67239E-04 5.65480E-04 6.25847E-04 8.62726E-04 9.18900E-05 1.69016E-04 1.37469E-05 
1700 1000 2.82199E-04 5.26231E-04 4.27394E-04 5.74030E-04 8.93866E-04 1.35102E-04 2.17573E-04 2.87786E-05 
1700 1050 2.48407E-04 5.61518E-04 4.76823E-04 6.64973E-04 8.71754E-04 1.25333E-04 1.54582E-04 4.49232E-05 
1700 1100 2.60764E-04 4.55643E-04 4.39455E-04 6.78676E-04 8.34783E-04 1.33069E-04 2.30503E-04 6.34433E-05 
1700 1150 1.54772E-04 5.20242E-04 4.58159E-04 6.52294E-04 8.65337E-04 1.03139E-04 1.82073E-04 7.25588E-05 
1700 1200 1.70202E-04 5.47536E-04 3.97460E-04 6.73139E-04 9.35788E-04 1.66530E-04 1.58117E-04 3.99880E-05 
1700 1250 1.97474E-04 5.13682E-04 3.68937E-04 5.73651E-04 9.12351E-04 1.15653E-04 1.52126E-04 2.80492E-05 
1700 1300 2.35041E-04 5.07995E-04 4.80123E-04 5.17367E-04 1.00070E-03 8.89641E-05 1.75937E-04 1.59655E-05 
1700 1350 1.94033E-04 4.08446E-04 3.77608E-04 5.97868E-04 9.33532E-04 1.45196E-04 2.65842E-04 5.53613E-06 
1700 1400 3.01894E-04 3.50041E-04 3.95221E-04 5.40679E-04 9.37777E-04 1.01344E-04 1.36295E-04 1.47425E-05 
1700 1450 2.69359E-04 3.76948E-04 4.37697E-04 6.72012E-04 1.04156E-03 1.34741E-04 2.13331E-04 3.46906E-05 
1700 1500 3.05868E-04 4.60548E-04 4.17493E-04 7.15109E-04 9.66593E-04 1.35371E-04 1.82433E-04 5.24490E-05 
1700 1550 2.61898E-04 4.61736E-04 3.62656E-04 6.16744E-04 9.25340E-04 1.01163E-04 1.61950E-04 4.23906E-05 
1700 1600 2.49475E-04 4.74391E-04 3.87413E-04 7.41488E-04 8.09402E-04 1.05250E-04 1.71509E-04 4.40762E-05 
1700 1650 2.61725E-04 4.17237E-04 4.42000E-04 5.83072E-04 9.54414E-04 7.60488E-05 1.97449E-04 4.54033E-05 
1700 1700 2.43792E-04 5.41876E-04 4.29444E-04 7.05277E-04 9.66953E-04 9.35290E-05 2.11707E-04 8.29164E-05 
1700 1750 3.01569E-04 4.97013E-04 4.90825E-04 5.16409E-04 9.87029E-04 1.17311E-04 1.96419E-04 5.30119E-05 
1700 1800 2.88157E-04 4.66918E-04 4.54780E-04 5.15377E-04 8.81812E-04 1.12123E-04 2.22404E-04 7.40127E-05 
1700 1850 2.65122E-04 4.37699E-04 4.56284E-04 6.77181E-04 9.63045E-04 1.17189E-04 2.49965E-04 3.54449E-05 
1700 1900 3.08160E-04 4.04969E-04 4.16261E-04 5.49901E-04 8.64170E-04 1.56410E-04 2.28743E-04 4.53377E-05 
1700 1950 3.34590E-04 4.48261E-04 4.77271E-04 5.29800E-04 9.68736E-04 1.25328E-04 1.77229E-04 2.46122E-05 
1700 2000 2.65589E-04 3.62120E-04 5.02987E-04 6.76388E-04 8.36310E-04 1.48736E-04 1.84621E-04 3.25686E-05 
1700 2050 2.56634E-04 4.34682E-04 4.50818E-04 5.88055E-04 1.02418E-03 1.34811E-04 1.81279E-04 6.37294E-05 
1750 800 1.88192E-04 4.93134E-04 4.08289E-04 6.19185E-04 9.17136E-04 1.04406E-04 1.21141E-04 2.22401E-05 
1750 850 2.05129E-04 4.94094E-04 4.01046E-04 6.69528E-04 9.02754E-04 1.21055E-04 2.43232E-04 5.06941E-05 
1750 900 2.57186E-04 4.27775E-04 4.17219E-04 6.34124E-04 1.00149E-03 1.71209E-04 1.54062E-04 5.37949E-05 
1750 950 2.20012E-04 6.47949E-04 4.92536E-04 6.73713E-04 9.30164E-04 9.90022E-05 2.16100E-04 1.96931E-05 
1750 1000 2.02610E-04 4.14227E-04 4.25574E-04 5.84756E-04 9.85278E-04 1.41107E-04 1.50773E-04 2.55547E-05 
1750 1050 2.18130E-04 4.27804E-04 4.47980E-04 6.70366E-04 8.50600E-04 1.53621E-04 1.41219E-04 4.66582E-05 
1750 1100 2.42232E-04 4.26127E-04 4.51186E-04 6.88047E-04 7.69202E-04 1.11743E-04 2.34080E-04 3.38687E-05 
1750 1150 2.27538E-04 4.64417E-04 4.42621E-04 5.79560E-04 6.78710E-04 9.85257E-05 1.80755E-04 1.91282E-05 
1750 1200 2.08706E-04 4.54331E-04 4.51257E-04 5.68056E-04 1.07621E-03 1.15087E-04 1.39687E-04 7.42751E-05 
1750 1250 3.20715E-04 4.49731E-04 3.92569E-04 6.65967E-04 1.20827E-03 1.51544E-04 2.20902E-04 3.29874E-05 
1750 1300 2.40712E-04 4.69264E-04 4.08983E-04 6.44177E-04 9.37345E-04 1.43102E-04 2.27943E-04 1.57259E-05 
1750 1350 2.47544E-04 4.93909E-04 3.66818E-04 5.72153E-04 1.00785E-03 1.27588E-04 1.66048E-04 5.17814E-05 
1750 1400 3.88908E-04 4.20599E-04 4.09165E-04 5.56475E-04 1.02672E-03 1.60418E-04 1.60058E-04 5.08195E-05 
1750 1450 1.59812E-04 5.32922E-04 4.17783E-04 5.55135E-04 8.70896E-04 1.83024E-04 2.07232E-04 4.82637E-05 
1750 1500 2.08898E-04 4.24908E-04 4.50150E-04 5.90179E-04 1.12699E-03 1.36724E-04 1.77807E-04 3.09916E-05 
1750 1550 2.84342E-04 5.86378E-04 5.23352E-04 6.66036E-04 1.02067E-03 1.09555E-04 1.95698E-04 3.01702E-05 
1750 1600 2.48994E-04 4.90047E-04 5.04224E-04 7.74766E-04 9.81707E-04 1.35220E-04 1.19509E-04 3.32087E-05 
1750 1650 3.09008E-04 5.53882E-04 5.04464E-04 6.28214E-04 9.92932E-04 1.25296E-04 1.91519E-04 1.53676E-05 
1750 1700 2.92772E-04 4.68824E-04 4.84667E-04 6.18032E-04 1.09909E-03 9.13414E-05 2.44950E-04 5.45113E-05 
1750 1750 2.21641E-04 4.26078E-04 4.42745E-04 6.20784E-04 9.15170E-04 1.45978E-04 2.72061E-04 4.68126E-05 
1750 1800 2.59217E-04 4.04426E-04 3.66731E-04 6.41246E-04 9.65820E-04 1.17863E-04 1.69243E-04 2.92399E-05 
1750 1850 2.44267E-04 5.14286E-04 4.34614E-04 6.25719E-04 9.61768E-04 1.03000E-04 2.23934E-04 3.75408E-05 
1750 1900 1.95375E-04 4.73211E-04 4.43764E-04 6.95536E-04 8.95310E-04 1.14577E-04 1.60031E-04 3.92575E-05 
1750 1950 2.54879E-04 4.10868E-04 4.93501E-04 6.40656E-04 8.77428E-04 1.32428E-04 2.29972E-04 6.19753E-05 
1750 2000 3.07648E-04 4.76577E-04 5.29947E-04 7.00308E-04 8.08401E-04 9.75889E-05 1.86021E-04 3.29554E-05 
1750 2050 2.36505E-04 4.86987E-04 4.62562E-04 7.07648E-04 9.24664E-04 1.13881E-04 1.65368E-04 2.19576E-05 
1800 800 3.06185E-04 5.14612E-04 4.56675E-04 5.43404E-04 1.00468E-03 8.05819E-05 1.94007E-04 4.69641E-05 
1800 850 2.41790E-04 5.29488E-04 4.52731E-04 7.44994E-04 1.01249E-03 1.26839E-04 1.78889E-04 2.85853E-05 
1800 900 2.49761E-04 4.10518E-04 4.42034E-04 5.92670E-04 9.54574E-04 1.64144E-04 1.83003E-04 2.41685E-05 
1800 950 2.69133E-04 5.04526E-04 4.31216E-04 5.68463E-04 1.05941E-03 1.51037E-04 1.97201E-04 3.54482E-05 
1800 1000 3.02012E-04 5.34235E-04 4.54026E-04 6.46791E-04 9.78583E-04 1.46023E-04 1.66784E-04 2.88214E-05 
1800 1050 1.99108E-04 3.71309E-04 4.58417E-04 5.50528E-04 1.13428E-03 1.18836E-04 1.73347E-04 1.44584E-05 
1800 1100 2.90172E-04 3.84721E-04 4.91237E-04 6.13615E-04 9.70477E-04 1.40141E-04 1.77404E-04 5.32549E-05 
1800 1150 1.93728E-04 4.89554E-04 3.70168E-04 6.97581E-04 9.25458E-04 1.20822E-04 1.84678E-04 3.65946E-05 
1800 1200 3.27908E-04 4.44689E-04 4.49951E-04 6.65164E-04 1.03539E-03 1.40968E-04 1.70969E-04 3.87411E-05 
1800 1250 2.26526E-04 5.03895E-04 5.07118E-04 6.36120E-04 9.58855E-04 1.20810E-04 1.80841E-04 3.15667E-05 
1800 1300 2.55663E-04 4.38383E-04 3.68203E-04 6.38852E-04 9.26089E-04 1.39255E-04 2.09920E-04 4.66212E-05 
1800 1350 2.35831E-04 3.73417E-04 3.95939E-04 6.69191E-04 8.31631E-04 8.59616E-05 1.37742E-04 4.81987E-05 
1800 1400 1.83422E-04 4.94834E-04 5.23366E-04 6.58915E-04 1.00631E-03 1.46364E-04 1.81939E-04 4.96095E-05 
1800 1450 2.25766E-04 5.14557E-04 3.73774E-04 6.09540E-04 9.68782E-04 1.05975E-04 1.86488E-04 2.59997E-05 
1800 1500 2.36188E-04 4.53429E-04 4.98330E-04 5.48628E-04 9.08087E-04 1.07241E-04 2.38277E-04 2.61331E-05 
1800 1550 2.84732E-04 3.95918E-04 4.61232E-04 6.11700E-04 9.35390E-04 1.48919E-04 1.40514E-04 2.96240E-05 
1800 1600 2.31161E-04 4.63380E-04 3.98646E-04 6.33702E-04 8.59424E-04 8.44829E-05 2.53390E-04 2.89328E-05 
1800 1650 2.40928E-04 5.61818E-04 5.11352E-04 6.70921E-04 9.19118E-04 1.43133E-04 2.22139E-04 2.62669E-05 
1800 1700 2.12549E-04 3.53500E-04 4.09228E-04 5.11374E-04 9.55150E-04 8.45783E-05 2.70436E-04 3.85340E-05 
1800 1750 2.95649E-04 4.98787E-04 3.41877E-04 6.58442E-04 9.13287E-04 1.14915E-04 2.25519E-04 3.19561E-05 
1800 1800 2.44842E-04 4.29995E-04 3.35715E-04 6.12140E-04 1.05599E-03 1.64732E-04 1.42539E-04 2.91933E-05 
1800 1850 1.89436E-04 4.20985E-04 4.51735E-04 5.44658E-04 8.76027E-04 9.53718E-05 1.69933E-04 2.35889E-05 
1800 1900 2.24618E-04 4.71451E-04 4.04384E-04 6.68883E-04 9.75471E-04 1.07062E-04 1.96698E-04 3.74304E-05 
1800 1950 1.74201E-04 4.20664E-04 5.08099E-04 5.62559E-04 1.18591E-03 8.42800E-05 1.28131E-04 6.91003E-05 
1800 2000 2.44219E-04 5.21506E-04 4.02923E-04 6.58680E-04 9.07152E-04 1.73405E-04 1.93421E-04 3.85076E-05 
1800 2050 1.82996E-04 3.98377E-04 3.97416E-04 7.49287E-04 9.38238E-04 1.13448E-04 2.39611E-04 2.65643E-05 
1850 800 2.26174E-04 4.62769E-04 4.52659E-04 6.91732E-04 9.59132E-04 1.09087E-04 2.21903E-04 7.07684E-05 
1850 850 3.60570E-04 5.05895E-04 4.21416E-04 6.67238E-04 9.78123E-04 1.47735E-04 1.41978E-04 3.32545E-05 
1850 900 2.21888E-04 4.64086E-04 3.85075E-04 6.67992E-04 1.00421E-03 1.39620E-04 2.25128E-04 3.00123E-05 
1850 950 3.00479E-04 4.45497E-04 4.66567E-04 5.41023E-04 9.76516E-04 1.65969E-04 2.67652E-04 4.68938E-05 
1850 1000 2.59100E-04 4.66132E-04 4.67179E-04 7.04430E-04 9.29286E-04 1.01973E-04 1.78768E-04 2.93930E-05 
1850 1050 1.79713E-04 4.76616E-04 4.44409E-04 5.54103E-04 1.03852E-03 1.01790E-04 1.89660E-04 5.00429E-05 
1850 1100 2.72188E-04 4.54688E-04 3.97755E-04 6.26573E-04 9.70556E-04 1.57973E-04 1.56946E-04 2.28026E-05 
1850 1150 2.30780E-04 4.59089E-04 3.42120E-04 6.30448E-04 7.94187E-04 1.69336E-04 1.53077E-04 3.72931E-05 
1850 1200 2.02834E-04 4.49698E-04 6.00547E-04 6.32216E-04 1.00862E-03 9.61559E-05 1.87660E-04 4.77076E-05 
1850 1250 2.71397E-04 3.73281E-04 3.98324E-04 5.45419E-04 8.42461E-04 9.88191E-05 1.44159E-04 2.52113E-05 
1850 1300 1.97764E-04 3.83112E-04 4.73618E-04 6.10913E-04 1.09982E-03 1.14876E-04 1.78930E-04 4.53457E-05 
1850 1350 2.01202E-04 5.82635E-04 4.49052E-04 6.23787E-04 8.82814E-04 1.15662E-04 1.68520E-04 3.57339E-05 
1850 1400 2.97991E-04 4.04167E-04 5.62195E-04 6.59761E-04 1.04898E-03 1.76329E-04 1.45974E-04 4.18714E-05 
1850 1450 2.08127E-04 5.01678E-04 4.96174E-04 5.51760E-04 9.61757E-04 1.08411E-04 1.83996E-04 4.62605E-05 
1850 1500 2.31887E-04 4.71611E-04 3.92227E-04 6.52391E-04 9.82051E-04 1.14446E-04 1.66050E-04 4.36010E-05 
1850 1550 2.10311E-04 4.09246E-04 4.36071E-04 6.37119E-04 1.10295E-03 9.97549E-05 2.48013E-04 4.79923E-05 
1850 1600 3.15755E-04 4.75741E-04 3.44533E-04 6.16419E-04 1.13366E-03 1.16291E-04 1.91977E-04 5.30535E-05 
1850 1650 2.32009E-04 4.47346E-04 4.18699E-04 6.93481E-04 9.87871E-04 1.01314E-04 2.13586E-04 3.57155E-05 
1850 1700 2.27501E-04 4.48886E-04 4.01428E-04 5.57138E-04 9.87514E-04 1.33479E-04 2.38040E-04 2.42343E-05 
1850 1750 2.91532E-04 4.50956E-04 3.83766E-04 6.74741E-04 8.46443E-04 1.39531E-04 2.05628E-04 4.44355E-05 
1850 1800 3.27237E-04 5.10249E-04 3.86828E-04 7.38708E-04 8.37277E-04 1.42989E-04 1.91752E-04 1.79284E-05 
1850 1850 2.11995E-04 5.05621E-04 3.53762E-04 6.02902E-04 8.74349E-04 1.09056E-04 1.77206E-04 7.21679E-05 
1850 1900 2.60124E-04 4.55471E-04 4.28149E-04 5.65524E-04 1.00606E-03 9.18658E-05 2.30257E-04 6.62388E-05 
1850 1950 2.25509E-04 4.79564E-04 4.24089E-04 6.90636E-04 9.35516E-04 1.13540E-04 1.63267E-04 4.88718E-05 
1850 2000 2.62408E-04 4.97792E-04 4.46836E-04 6.67478E-04 9.07362E-04 1.76869E-04 2.36388E-04 5.08186E-05 
1850 2050 2.26456E-04 5.34802E-04 4.02423E-04 6.43204E-04 9.79839E-04 1.42897E-04 1.48464E-04 2.33848E-05 
1900 800 3.18191E-04 3.90739E-04 4.97562E-04 6.57106E-04 8.34034E-04 1.20460E-04 1.54564E-04 3.77290E-05 
1900 850 2.41215E-04 5.68505E-04 5.15853E-04 5.92578E-04 8.76498E-04 1.26698E-04 1.83335E-04 2.61478E-05 
1900 900 2.12424E-04 4.72436E-04 4.16173E-04 6.21407E-04 8.74823E-04 1.39361E-04 2.48062E-04 3.48151E-05 
1900 950 2.81451E-04 4.69943E-04 3.80867E-04 5.62045E-04 9.64618E-04 1.06472E-04 1.86624E-04 3.60458E-05 
1900 1000 1.95190E-04 4.79496E-04 3.62052E-04 5.94298E-04 7.63985E-04 1.66851E-04 1.91630E-04 3.06984E-05 
1900 1050 2.64105E-04 3.74926E-04 5.08055E-04 7.18332E-04 9.97411E-04 1.36241E-04 2.46491E-04 5.09888E-05 
1900 1100 1.53640E-04 5.24689E-04 4.20083E-04 5.83834E-04 9.59332E-04 1.20876E-04 2.22471E-04 3.45784E-05 
1900 1150 2.19998E-04 4.13999E-04 5.06933E-04 5.83773E-04 1.01925E-03 1.24846E-04 1.78876E-04 6.21995E-05 
1900 1200 2.48069E-04 4.72689E-04 4.43562E-04 6.11434E-04 8.92093E-04 1.27789E-04 2.07140E-04 3.84245E-05 
1900 1250 2.60496E-04 4.34959E-04 4.70892E-04 6.38679E-04 1.04225E-03 1.24754E-04 1.89784E-04 4.57954E-05 
1900 1300 2.44261E-04 5.71614E-04 4.43922E-04 5.64850E-04 9.65113E-04 1.82792E-04 1.87872E-04 4.16768E-05 
1900 1350 2.02466E-04 4.44235E-04 3.67713E-04 7.15364E-04 8.80223E-04 1.20753E-04 1.46821E-04 2.79087E-05 
1900 1400 2.95550E-04 4.83868E-04 3.64135E-04 6.82151E-04 9.00442E-04 1.57565E-04 1.46726E-04 4.82950E-05 
1900 1450 2.59881E-04 4.78955E-04 4.29530E-04 6.93066E-04 8.92067E-04 1.66168E-04 2.25854E-04 2.36238E-05 
1900 1500 2.19833E-04 4.65945E-04 4.65232E-04 5.62539E-04 8.64476E-04 1.51249E-04 1.76011E-04 6.04700E-05 
1900 1550 2.67140E-04 4.61191E-04 4.33856E-04 7.05386E-04 8.07897E-04 1.56938E-04 2.47145E-04 2.85433E-05 
1900 1600 2.42841E-04 5.38389E-04 5.41498E-04 5.71114E-04 9.44831E-04 9.47262E-05 1.06548E-04 1.89858E-05 
1900 1650 2.37940E-04 4.43002E-04 4.59300E-04 6.41941E-04 1.00116E-03 1.11786E-04 1.75639E-04 4.48867E-05 
1900 1700 2.21509E-04 4.75178E-04 4.14981E-04 7.18263E-04 9.03053E-04 1.41184E-04 2.20349E-04 5.49692E-05 
1900 1750 2.96847E-04 5.23765E-04 4.88661E-04 5.72603E-04 9.48526E-04 1.32476E-04 1.73428E-04 3.99732E-05 
1900 1800 2.62254E-04 5.31951E-04 3.91842E-04 6.06440E-04 8.66125E-04 8.37478E-05 2.14422E-04 3.62921E-05 
1900 1850 2.06120E-04 5.21270E-04 4.90694E-04 6.93214E-04 1.03309E-03 1.08279E-04 2.01018E-04 3.49628E-05 
1900 1900 3.03839E-04 4.94901E-04 5.02865E-04 7.48529E-04 8.84216E-04 1.26862E-04 1.60748E-04 1.64268E-05 
1900 1950 2.63392E-04 3.99146E-04 4.85760E-04 6.99579E-04 1.01450E-03 1.81360E-04 1.71884E-04 6.13988E-05 
1900 2000 2.32001E-04 4.46106E-04 4.91075E-04 8.41220E-04 9.00576E-04 1.50185E-04 1.97934E-04 4.09065E-05 
1900 2050 2.51920E-04 4.86508E-04 4.04133E-04 5.44906E-04 9.76268E-04 1.85398E-04 2.18682E-04 6.38182E-05 
1950 800 2.07411E-04 5.26143E-04 4.39023E-04 6.29727E-04 9.30730E-04 9.54116E-05 2.31315E-04 3.39549E-05 
1950 850 2.25911E-04 4.41996E-04 4.45345E-04 6.23387E-04 1.00319E-03 7.71533E-05 1.79320E-04 4.82150E-05 
1950 900 2.49322E-04 5.00632E-04 4.85624E-04 6.72750E-04 1.00969E-03 1.04474E-04 1.86524E-04 5.46322E-05 
1950 950 2.46552E-04 4.24873E-04 5.05366E-04 6.44871E-04 9.46261E-04 1.01929E-04 2.31030E-04 5.02945E-05 
1950 1000 2.66970E-04 3.69599E-04 4.71200E-04 6.15016E-04 9.29268E-04 1.06938E-04 1.74556E-04 1.70409E-05 
1950 1050 2.96863E-04 4.57841E-04 4.88366E-04 6.31747E-04 9.69055E-04 1.42310E-04 2.06459E-04 3.94397E-05 
1950 1100 2.43052E-04 4.48697E-04 4.88918E-04 6.38671E-04 8.71982E-04 1.40006E-04 1.96245E-04 4.08117E-05 
1950 1150 2.50042E-04 4.74502E-04 4.16795E-04 5.92030E-04 1.15754E-03 1.09638E-04 1.21491E-04 2.19838E-05 
1950 1200 2.40429E-04 4.79441E-04 3.97665E-04 5.52489E-04 9.34316E-04 1.71247E-04 1.64388E-04 2.54787E-05 
1950 1250 2.64930E-04 4.84456E-04 4.28672E-04 6.04437E-04 9.20194E-04 1.26250E-04 2.31892E-04 3.79773E-05 
1950 1300 2.59598E-04 4.16548E-04 5.23404E-04 4.78031E-04 1.05758E-03 9.13054E-05 1.81459E-04 2.88934E-05 
1950 1350 2.53724E-04 3.75755E-04 4.53035E-04 5.92666E-04 9.95199E-04 1.59385E-04 2.48871E-04 4.75416E-05 
1950 1400 2.78341E-04 5.81797E-04 4.15546E-04 5.67652E-04 1.02109E-03 1.86791E-04 1.99475E-04 2.95016E-05 
1950 1450 1.94879E-04 5.58177E-04 5.21476E-04 5.66426E-04 1.05275E-03 1.25704E-04 1.73753E-04 1.20875E-05 
1950 1500 1.84260E-04 4.44735E-04 4.28419E-04 5.86736E-04 8.96688E-04 1.24377E-04 2.18795E-04 2.98905E-05 
1950 1550 2.76507E-04 4.42659E-04 4.81026E-04 5.90406E-04 9.37208E-04 8.66920E-05 2.09202E-04 7.85433E-05 
1950 1600 1.54767E-04 4.20752E-04 4.53917E-04 6.41756E-04 9.21730E-04 1.44364E-04 1.90110E-04 3.62315E-05 
1950 1650 2.63332E-04 4.11939E-04 4.14972E-04 7.03642E-04 1.02948E-03 1.86954E-04 2.56072E-04 5.82240E-05 
1950 1700 2.80150E-04 4.85983E-04 4.14900E-04 6.76752E-04 1.05013E-03 1.37392E-04 1.73850E-04 4.69275E-05 
1950 1750 2.70578E-04 4.18300E-04 3.58211E-04 6.88622E-04 9.49078E-04 1.02799E-04 1.90839E-04 6.74569E-05 
1950 1800 2.58795E-04 5.31389E-04 4.83736E-04 5.61335E-04 8.60155E-04 8.15032E-05 2.30681E-04 3.84203E-05 
1950 1850 1.53594E-04 4.35926E-04 3.92563E-04 6.03072E-04 9.57197E-04 1.02910E-04 2.48052E-04 2.64802E-05 
1950 1900 1.77466E-04 5.18601E-04 4.54247E-04 6.52480E-04 1.03322E-03 1.86310E-04 2.47203E-04 1.41878E-05 
1950 1950 2.38431E-04 5.34294E-04 4.50681E-04 5.88134E-04 9.66402E-04 9.66873E-05 2.07320E-04 2.20336E-05 
1950 2000 2.70927E-04 4.11135E-04 4.68475E-04 5.80232E-04 9.60773E-04 1.22989E-04 2.33397E-04 3.72560E-05 
1950 2050 2.51224E-04 3.94105E-04 4.29548E-04 5.76889E-04 9.86629E-04 1.16541E-04 1.46802E-04 4.48273E-05 
2000 800 2.45845E-04 4.74087E-04 4.07962E-04 5.69512E-04 9.39601E-04 1.61440E-04 1.37419E-04 3.57041E-05 
2000 850 2.30413E-04 4.77133E-04 5.00650E-04 6.81978E-04 8.55720E-04 1.54880E-04 1.76407E-04 4.72681E-05 
2000 900 2.15054E-04 4.49939E-04 5.20717E-04 6.14051E-04 9.26018E-04 1.53795E-04 1.50089E-04 3.20149E-05 
2000 950 2.83162E-04 4.18708E-04 4.49693E-04 5.90767E-04 8.79122E-04 1.79739E-04 1.31317E-04 4.47360E-05 
2000 1000 1.72368E-04 4.25435E-04 4.56464E-04 5.98951E-04 1.01398E-03 1.24299E-04 2.44126E-04 1.69175E-05 
2000 1050 2.13171E-04 4.90753E-04 4.52920E-04 6.31989E-04 8.85641E-04 1.55010E-04 1.67973E-04 3.60664E-05 
2000 1100 2.25340E-04 5.62217E-04 4.36638E-04 6.38355E-04 8.96874E-04 1.03691E-04 1.84583E-04 4.22530E-05 
2000 1150 2.25823E-04 4.44570E-04 5.18462E-04 7.20942E-04 1.00554E-03 1.22132E-04 1.98858E-04 3.00793E-05 
2000 1200 2.81653E-04 4.74569E-04 3.86159E-04 5.72883E-04 1.23661E-03 1.04466E-04 1.26680E-04 3.49123E-05 
2000 1250 2.30626E-04 4.30009E-04 3.93059E-04 7.24118E-04 9.66975E-04 1.11887E-04 2.33485E-04 2.07924E-05 
2000 1300 2.69150E-04 4.16545E-04 4.61196E-04 5.89064E-04 9.23051E-04 1.32211E-04 1.74563E-04 3.01446E-05 
2000 1350 2.38870E-04 4.06871E-04 5.36279E-04 5.73230E-04 9.02235E-04 1.22436E-04 1.49162E-04 3.03157E-05 
2000 1400 2.27010E-04 4.05779E-04 2.95747E-04 6.11113E-04 9.80348E-04 1.26393E-04 1.54964E-04 4.12349E-05 
2000 1450 2.86285E-04 5.54261E-04 4.33612E-04 6.14933E-04 9.25678E-04 1.26757E-04 2.00533E-04 1.76182E-05 
2000 1500 3.11675E-04 4.07897E-04 3.54400E-04 5.98446E-04 1.02049E-03 1.29322E-04 2.29290E-04 6.29959E-05 
2000 1550 2.99736E-04 4.77931E-04 5.21459E-04 5.59623E-04 8.69574E-04 1.50127E-04 2.53014E-04 4.01963E-05 
2000 1600 2.45930E-04 4.47408E-04 4.11702E-04 5.60060E-04 9.30193E-04 1.80403E-04 1.51123E-04 1.44781E-05 
2000 1650 2.42690E-04 5.29687E-04 3.78526E-04 6.80659E-04 9.49351E-04 2.05767E-04 1.75229E-04 8.30907E-05 
2000 1700 2.54992E-04 5.23320E-04 4.82006E-04 6.66381E-04 9.55517E-04 1.57916E-04 1.53701E-04 3.46628E-05 
2000 1750 2.61126E-04 4.23037E-04 4.60675E-04 6.90091E-04 9.70944E-04 1.55579E-04 1.94195E-04 5.13140E-05 
2000 1800 2.90230E-04 4.45178E-04 4.94356E-04 5.62483E-04 8.99908E-04 1.31365E-04 1.62454E-04 1.12200E-04 
2000 1850 2.50382E-04 3.76593E-04 5.86288E-04 5.53784E-04 8.33498E-04 1.24442E-04 1.78557E-04 3.54425E-05 
2000 1900 2.15911E-04 6.25409E-04 4.59551E-04 5.59459E-04 8.46826E-04 1.47984E-04 2.01690E-04 4.71799E-05 
2000 1950 2.96245E-04 3.42874E-04 3.93476E-04 5.76558E-04 8.46489E-04 1.62843E-04 1.95560E-04 5.19717E-05 
2000 2000 2.15576E-04 3.82243E-04 4.67931E-04 5.50366E-04 1.06652E-03 1.45025E-04 1.85735E-04 2.35609E-05 
2000 2050 2.25720E-04 5.05265E-04 3.95173E-04 6.31679E-04 1.02848E-03 1.88640E-04 2.15633E-04 3.03587E-05 
2050 800 2.82616E-04 4.75755E-04 4.52770E-04 6.06813E-04 9.71988E-04 1.45896E-04 2.03979E-04 3.93354E-05 
2050 850 2.23734E-04 5.81034E-04 4.60290E-04 7.25351E-04 9.85560E-04 1.38671E-04 1.97432E-04 2.32338E-05 
2050 900 2.51789E-04 4.59069E-04 4.26015E-04 7.86477E-04 9.77262E-04 1.03437E-04 1.78456E-04 3.61304E-05 
2050 950 2.46163E-04 4.34066E-04 4.14757E-04 6.26940E-04 9.90640E-04 1.22105E-04 2.39947E-04 2.80627E-05 
2050 1000 2.73106E-04 4.81506E-04 3.94473E-04 6.21868E-04 8.08784E-04 1.48157E-04 1.25732E-04 1.65262E-05 
2050 1050 2.05328E-04 4.58142E-04 4.76574E-04 6.80246E-04 9.21653E-04 1.06781E-04 1.51246E-04 3.37067E-05 
2050 1100 1.85295E-04 4.33283E-04 4.41575E-04 7.42574E-04 1.00010E-03 1.11372E-04 1.93696E-04 5.24079E-05 
2050 1150 2.72442E-04 4.80182E-04 5.24570E-04 6.53855E-04 1.00542E-03 1.42867E-04 1.54432E-04 2.84260E-05 
2050 1200 3.55239E-04 5.36515E-04 4.17753E-04 5.57390E-04 1.04832E-03 1.17929E-04 1.51373E-04 7.38510E-05 
2050 1250 2.49869E-04 5.35994E-04 3.80177E-04 6.57851E-04 9.65335E-04 1.16978E-04 1.89038E-04 3.24221E-05 
2050 1300 3.00310E-04 5.25426E-04 5.04495E-04 6.15063E-04 8.97901E-04 1.39119E-04 1.89262E-04 3.16787E-05 
2050 1350 2.22302E-04 4.49920E-04 3.76588E-04 5.69819E-04 8.80714E-04 1.26226E-04 1.73106E-04 2.03368E-05 
2050 1400 2.35176E-04 5.16750E-04 4.59916E-04 7.21788E-04 9.44896E-04 1.02563E-04 1.72813E-04 1.92985E-05 
2050 1450 3.18454E-04 4.66966E-04 4.76855E-04 5.84824E-04 9.19912E-04 1.06354E-04 2.03904E-04 8.11148E-05 
2050 1500 2.51979E-04 3.91784E-04 3.52458E-04 5.93315E-04 9.89251E-04 8.83534E-05 1.63555E-04 4.66327E-05 
2050 1550 2.67234E-04 4.79964E-04 4.03212E-04 5.69317E-04 8.57363E-04 1.30836E-04 2.15055E-04 5.23429E-05 
2050 1600 2.82772E-04 5.53605E-04 3.88084E-04 5.63289E-04 1.10369E-03 1.18676E-04 1.56991E-04 3.91860E-05 
2050 1650 2.36207E-04 4.40115E-04 4.06700E-04 6.06155E-04 9.21580E-04 1.43727E-04 1.70162E-04 4.47400E-05 
2050 1700 2.21777E-04 4.58476E-04 4.37561E-04 5.19932E-04 9.98906E-04 1.60194E-04 2.17903E-04 2.75424E-05 
2050 1750 2.08850E-04 4.83778E-04 3.70619E-04 6.66243E-04 9.72061E-04 1.35238E-04 2.50964E-04 2.64907E-05 
2050 1800 2.31660E-04 4.88528E-04 3.35627E-04 6.56634E-04 9.66635E-04 1.42590E-04 2.53400E-04 3.69517E-05 
2050 1850 2.09811E-04 5.04976E-04 4.96052E-04 5.44832E-04 1.03849E-03 1.42109E-04 1.71798E-04 6.24821E-05 
2050 1900 3.13646E-04 5.47477E-04 4.18909E-04 5.83165E-04 9.28238E-04 1.32692E-04 2.28950E-04 4.68566E-05 
2050 1950 2.08699E-04 5.37580E-04 4.50931E-04 6.38712E-04 9.61623E-04 1.27990E-04 2.80687E-04 3.99355E-05 
2050 2000 2.68353E-04 4.46713E-04 4.61206E-04 5.71675E-04 9.47057E-04 1.27979E-04 1.92993E-04 5.43586E-05 
2050 2050 2.15745E-04 4.54647E-04 3.72479E-04 6.06374E-04 1.01459E-03 1.22425E-04 2.05801E-04 3.58906E-05 
