800 800 3.25668E-03 2.91288E-02 
800 850 3.24854E-03 2.90671E-02 
800 900 3.25382E-03 2.91520E-02 
800 950 3.24587E-03 2.90727E-02 
800 1000 3.25048E-03 2.91299E-02 
800 1050 3.24461E-03 2.91143E-02 
800 1100 3.25767E-03 2.90706E-02 
800 1150 3.25536E-03 2.91449E-02 
800 1200 3.25190E-03 2.90932E-02 
800 1250 3.25335E-03 2.91240E-02 
800 1300 3.25775E-03 2.91286E-02 
800 1350 3.25328E-03 2.91241E-02 
800 1400 3.25342E-03 2.91103E-02 
800 1450 3.24800E-03 2.90886E-02 
800 1500 3.25015E-03 2.90665E-02 
800 1550 3.26008E-03 2.90918E-02 
800 1600 3.25284E-03 2.91245E-02 
800 1650 3.25508E-03 2.90782E-02 
800 1700 3.25808E-03 2.91174E-02 
800 1750 3.25339E-03 2.91638E-02 
800 1800 3.24831E-03 2.91121E-02 
800 1850 3.25005E-03 2.90987E-02 
800 1900 3.24865E-03 2.91158E-02 
800 1950 3.25754E-03 2.91338E-02 
800 2000 3.26096E-03 2.91186E-02 
800 2050 3.25769E-03 2.91240E-02 
850 800 3.24567E-03 2.89509E-02 
850 850 3.24064E-03 2.90725E-02 
850 900 3.25109E-03 2.90374E-02 
850 950 3.25436E-03 2.89793E-02 
850 1000 3.25515E-03 2.90214E-02 
850 1050 3.24380E-03 2.90049E-02 
850 1100 3.24700E-03 2.90101E-02 
850 1150 3.25105E-03 2.90188E-02 
850 1200 3.23790E-03 2.90098E-02 
850 1250 3.23942E-03 2.89972E-02 
850 1300 3.25303E-03 2.89780E-02 
850 1350 3.24269E-03 2.89999E-02 
850 1400 3.24297E-03 2.90026E-02 
850 1450 3.24174E-03 2.90378E-02 
850 1500 3.24948E-03 2.90567E-02 
850 1550 3.24355E-03 2.89925E-02 
850 1600 3.23807E-03 2.90331E-02 
850 1650 3.25398E-03 2.90413E-02 
850 1700 3.24621E-03 2.90282E-02 
850 1750 3.24726E-03 2.90595E-02 
850 1800 3.24120E-03 2.90848E-02 
850 1850 3.24744E-03 2.90129E-02 
850 1900 3.24821E-03 2.89995E-02 
850 1950 3.23795E-03 2.90526E-02 
850 2000 3.23747E-03 2.90936E-02 
850 2050 3.24835E-03 2.90188E-02 
900 800 3.22756E-03 2.88972E-02 
900 850 3.22168E-03 2.89033E-02 
900 900 3.23581E-03 2.89562E-02 
900 950 3.22626E-03 2.88960E-02 
900 1000 3.22948E-03 2.89139E-02 
900 1050 3.24140E-03 2.88954E-02 
900 1100 3.23778E-03 2.89348E-02 
900 1150 3.23615E-03 2.89122E-02 
900 1200 3.23884E-03 2.88292E-02 
900 1250 3.23081E-03 2.89064E-02 
900 1300 3.23734E-03 2.88908E-02 
900 1350 3.24170E-03 2.89512E-02 
900 1400 3.23091E-03 2.89379E-02 
900 1450 3.23158E-03 2.89399E-02 
900 1500 3.23286E-03 2.89579E-02 
900 1550 3.23438E-03 2.89382E-02 
900 1600 3.22760E-03 2.89347E-02 
900 1650 3.23371E-03 2.89108E-02 
900 1700 3.22560E-03 2.89536E-02 
900 1750 3.22971E-03 2.89336E-02 
900 1800 3.23545E-03 2.89525E-02 
900 1850 3.23070E-03 2.88852E-02 
900 1900 3.23954E-03 2.89226E-02 
900 1950 3.23101E-03 2.89172E-02 
900 2000 3.22466E-03 2.89410E-02 
900 2050 3.23040E-03 2.89536E-02 
950 800 3.22433E-03 2.88624E-02 
950 850 3.22110E-03 2.88490E-02 
950 900 3.22283E-03 2.88777E-02 
950 950 3.22409E-03 2.88354E-02 
950 1000 3.21389E-03 2.88027E-02 
950 1050 3.22673E-03 2.88380E-02 
950 1100 3.22244E-03 2.88082E-02 
950 1150 3.23339E-03 2.88647E-02 
950 1200 3.22414E-03 2.88752E-02 
950 1250 3.21558E-03 2.88064E-02 
950 1300 3.22293E-03 2.88464E-02 
950 1350 3.22321E-03 2.88715E-02 
950 1400 3.23102E-03 2.88246E-02 
950 1450 3.22328E-03 2.88142E-02 
950 1500 3.21533E-03 2.88713E-02 
950 1550 3.22098E-03 2.88617E-02 
950 1600 3.23146E-03 2.88388E-02 
950 1650 3.23138E-03 2.88596E-02 
950 1700 3.23353E-03 2.88587E-02 
950 1750 3.22942E-03 2.88770E-02 
950 1800 3.22335E-03 2.88381E-02 
950 1850 3.22074E-03 2.88995E-02 
950 1900 3.23083E-03 2.88697E-02 
950 1950 3.22646E-03 2.88762E-02 
950 2000 3.21880E-03 2.88339E-02 
950 2050 3.22244E-03 2.88653E-02 
1000 800 3.21833E-03 2.87250E-02 
1000 850 3.21359E-03 2.87700E-02 
1000 900 3.21051E-03 2.87405E-02 
1000 950 3.22107E-03 2.87692E-02 
1000 1000 3.21375E-03 2.87968E-02 
1000 1050 3.22287E-03 2.87465E-02 
1000 1100 3.21210E-03 2.87580E-02 
1000 1150 3.22745E-03 2.87543E-02 
1000 1200 3.21285E-03 2.87492E-02 
1000 1250 3.22049E-03 2.87232E-02 
1000 1300 3.22516E-03 2.87782E-02 
1000 1350 3.22767E-03 2.87779E-02 
1000 1400 3.21034E-03 2.87648E-02 
1000 1450 3.21941E-03 2.87411E-02 
1000 1500 3.21898E-03 2.87537E-02 
1000 1550 3.21810E-03 2.87734E-02 
1000 1600 3.22368E-03 2.87815E-02 
1000 1650 3.22067E-03 2.87593E-02 
1000 1700 3.21181E-03 2.87999E-02 
1000 1750 3.22278E-03 2.87830E-02 
1000 1800 3.22398E-03 2.87745E-02 
1000 1850 3.21236E-03 2.87812E-02 
1000 1900 3.22150E-03 2.87720E-02 
1000 1950 3.22938E-03 2.87808E-02 
1000 2000 3.22144E-03 2.87442E-02 
1000 2050 3.21287E-03 2.87817E-02 
1050 800 3.20692E-03 2.86667E-02 
1050 850 3.20543E-03 2.86865E-02 
1050 900 3.21381E-03 2.86882E-02 
1050 950 3.21638E-03 2.86752E-02 
1050 1000 3.21913E-03 2.86975E-02 
1050 1050 3.20901E-03 2.86739E-02 
1050 1100 3.20467E-03 2.86989E-02 
1050 1150 3.20507E-03 2.87413E-02 
1050 1200 3.21278E-03 2.86754E-02 
1050 1250 3.20716E-03 2.87215E-02 
1050 1300 3.20008E-03 2.87428E-02 
1050 1350 3.20824E-03 2.86709E-02 
1050 1400 3.20770E-03 2.86675E-02 
1050 1450 3.21184E-03 2.86574E-02 
1050 1500 3.20836E-03 2.86618E-02 
1050 1550 3.21269E-03 2.86918E-02 
1050 1600 3.20525E-03 2.86799E-02 
1050 1650 3.21443E-03 2.87006E-02 
1050 1700 3.21594E-03 2.86566E-02 
1050 1750 3.21728E-03 2.86793E-02 
1050 1800 3.20844E-03 2.87141E-02 
1050 1850 3.21016E-03 2.86752E-02 
1050 1900 3.22162E-03 2.87081E-02 
1050 1950 3.20853E-03 2.86873E-02 
1050 2000 3.20803E-03 2.86612E-02 
1050 2050 3.20669E-03 2.86870E-02 
1100 800 3.19909E-03 2.86106E-02 
1100 850 3.20148E-03 2.85364E-02 
1100 900 3.20350E-03 2.86055E-02 
1100 950 3.20710E-03 2.85879E-02 
1100 1000 3.20334E-03 2.85920E-02 
1100 1050 3.20346E-03 2.85988E-02 
1100 1100 3.20259E-03 2.86335E-02 
1100 1150 3.20160E-03 2.85758E-02 
1100 1200 3.20732E-03 2.86399E-02 
1100 1250 3.19931E-03 2.85997E-02 
1100 1300 3.20752E-03 2.86190E-02 
1100 1350 3.19983E-03 2.86354E-02 
1100 1400 3.19845E-03 2.86121E-02 
1100 1450 3.19532E-03 2.85618E-02 
1100 1500 3.20727E-03 2.86000E-02 
1100 1550 3.20738E-03 2.85591E-02 
1100 1600 3.20777E-03 2.85890E-02 
1100 1650 3.19529E-03 2.86123E-02 
1100 1700 3.20141E-03 2.85873E-02 
1100 1750 3.20264E-03 2.86095E-02 
1100 1800 3.19218E-03 2.86144E-02 
1100 1850 3.20789E-03 2.86199E-02 
1100 1900 3.19778E-03 2.86146E-02 
1100 1950 3.21006E-03 2.86511E-02 
1100 2000 3.19665E-03 2.85884E-02 
1100 2050 3.19639E-03 2.85788E-02 
1150 800 3.19387E-03 2.85480E-02 
1150 850 3.18429E-03 2.85710E-02 
1150 900 3.18538E-03 2.84959E-02 
1150 950 3.20168E-03 2.85685E-02 
1150 1000 3.19593E-03 2.85268E-02 
1150 1050 3.19527E-03 2.85302E-02 
1150 1100 3.19527E-03 2.84785E-02 
1150 1150 3.18730E-03 2.85602E-02 
1150 1200 3.19531E-03 2.85600E-02 
1150 1250 3.18932E-03 2.85264E-02 
1150 1300 3.19763E-03 2.84826E-02 
1150 1350 3.19510E-03 2.85299E-02 
1150 1400 3.19568E-03 2.85467E-02 
1150 1450 3.19629E-03 2.84550E-02 
1150 1500 3.18874E-03 2.85439E-02 
1150 1550 3.19824E-03 2.85337E-02 
1150 1600 3.19898E-03 2.85339E-02 
1150 1650 3.18788E-03 2.85412E-02 
1150 1700 3.19581E-03 2.85094E-02 
1150 1750 3.19365E-03 2.85594E-02 
1150 1800 3.19731E-03 2.85419E-02 
1150 1850 3.18966E-03 2.85141E-02 
1150 1900 3.20137E-03 2.85264E-02 
1150 1950 3.19700E-03 2.85323E-02 
1150 2000 3.18593E-03 2.85198E-02 
1150 2050 3.19153E-03 2.85590E-02 
1200 800 3.18500E-03 2.84636E-02 
1200 850 3.18401E-03 2.84817E-02 
1200 900 3.18909E-03 2.84353E-02 
1200 950 3.18860E-03 2.84801E-02 
1200 1000 3.19219E-03 2.84845E-02 
1200 1050 3.18353E-03 2.84125E-02 
1200 1100 3.18660E-03 2.84501E-02 
1200 1150 3.19048E-03 2.84354E-02 
1200 1200 3.17527E-03 2.84327E-02 
1200 1250 3.18268E-03 2.84143E-02 
1200 1300 3.18312E-03 2.84377E-02 
1200 1350 3.19248E-03 2.84564E-02 
1200 1400 3.18825E-03 2.84497E-02 
1200 1450 3.19273E-03 2.84251E-02 
1200 1500 3.19177E-03 2.83805E-02 
1200 1550 3.18259E-03 2.84683E-02 
1200 1600 3.18920E-03 2.84050E-02 
1200 1650 3.19041E-03 2.84409E-02 
1200 1700 3.18672E-03 2.84402E-02 
1200 1750 3.18282E-03 2.84214E-02 
1200 1800 3.18357E-03 2.84834E-02 
1200 1850 3.18878E-03 2.84445E-02 
1200 1900 3.19003E-03 2.84613E-02 
1200 1950 3.18365E-03 2.84067E-02 
1200 2000 3.18225E-03 2.84261E-02 
1200 2050 3.18690E-03 2.84106E-02 
1250 800 3.16905E-03 2.83533E-02 
1250 850 3.17095E-03 2.83768E-02 
1250 900 3.18048E-03 2.83910E-02 
1250 950 3.18607E-03 2.83584E-02 
1250 1000 3.18057E-03 2.83823E-02 
1250 1050 3.17675E-03 2.83966E-02 
1250 1100 3.17036E-03 2.83818E-02 
1250 1150 3.18331E-03 2.83890E-02 
1250 1200 3.18410E-03 2.83932E-02 
1250 1250 3.17729E-03 2.83514E-02 
1250 1300 3.18338E-03 2.83517E-02 
1250 1350 3.18501E-03 2.83641E-02 
1250 1400 3.19711E-03 2.83743E-02 
1250 1450 3.17143E-03 2.83705E-02 
1250 1500 3.17644E-03 2.83368E-02 
1250 1550 3.17671E-03 2.83544E-02 
1250 1600 3.17267E-03 2.84194E-02 
1250 1650 3.18338E-03 2.83821E-02 
1250 1700 3.18250E-03 2.84074E-02 
1250 1750 3.17108E-03 2.83594E-02 
1250 1800 3.18059E-03 2.84050E-02 
1250 1850 3.17935E-03 2.84145E-02 
1250 1900 3.17789E-03 2.83912E-02 
1250 1950 3.17847E-03 2.83827E-02 
1250 2000 3.18420E-03 2.83922E-02 
1250 2050 3.18268E-03 2.83591E-02 
1300 800 3.15840E-03 2.82614E-02 
1300 850 3.17569E-03 2.82994E-02 
1300 900 3.17743E-03 2.83097E-02 
1300 950 3.17820E-03 2.83453E-02 
1300 1000 3.16577E-03 2.82864E-02 
1300 1050 3.17126E-03 2.82795E-02 
1300 1100 3.17844E-03 2.82882E-02 
1300 1150 3.17339E-03 2.82963E-02 
1300 1200 3.18194E-03 2.83399E-02 
1300 1250 3.17179E-03 2.83372E-02 
1300 1300 3.17014E-03 2.82891E-02 
1300 1350 3.16996E-03 2.82820E-02 
1300 1400 3.17317E-03 2.82726E-02 
1300 1450 3.17078E-03 2.83188E-02 
1300 1500 3.17002E-03 2.82862E-02 
1300 1550 3.17391E-03 2.83074E-02 
1300 1600 3.18468E-03 2.83292E-02 
1300 1650 3.16980E-03 2.83190E-02 
1300 1700 3.18185E-03 2.83168E-02 
1300 1750 3.17141E-03 2.83129E-02 
1300 1800 3.17387E-03 2.82447E-02 
1300 1850 3.17895E-03 2.83169E-02 
1300 1900 3.17924E-03 2.82955E-02 
1300 1950 3.17413E-03 2.83329E-02 
1300 2000 3.16902E-03 2.82984E-02 
1300 2050 3.17331E-03 2.83275E-02 
1350 800 3.16062E-03 2.82182E-02 
1350 850 3.16365E-03 2.82737E-02 
1350 900 3.16327E-03 2.82184E-02 
1350 950 3.16714E-03 2.82155E-02 
1350 1000 3.16725E-03 2.82243E-02 
1350 1050 3.17838E-03 2.81888E-02 
1350 1100 3.16746E-03 2.82101E-02 
1350 1150 3.16895E-03 2.82818E-02 
1350 1200 3.16591E-03 2.82538E-02 
1350 1250 3.17201E-03 2.82455E-02 
1350 1300 3.16614E-03 2.82656E-02 
1350 1350 3.16101E-03 2.82712E-02 
1350 1400 3.16203E-03 2.81840E-02 
1350 1450 3.16893E-03 2.82297E-02 
1350 1500 3.16170E-03 2.82757E-02 
1350 1550 3.16201E-03 2.82366E-02 
1350 1600 3.16447E-03 2.82645E-02 
1350 1650 3.16738E-03 2.82538E-02 
1350 1700 3.16100E-03 2.82443E-02 
1350 1750 3.17173E-03 2.82363E-02 
1350 1800 3.17186E-03 2.82340E-02 
1350 1850 3.17091E-03 2.82222E-02 
1350 1900 3.16676E-03 2.82481E-02 
1350 1950 3.16290E-03 2.82522E-02 
1350 2000 3.16543E-03 2.82345E-02 
1350 2050 3.15785E-03 2.82229E-02 
1400 800 3.15861E-03 2.81694E-02 
1400 850 3.16370E-03 2.81395E-02 
1400 900 3.15293E-03 2.81066E-02 
1400 950 3.16226E-03 2.81238E-02 
1400 1000 3.15725E-03 2.81816E-02 
1400 1050 3.16231E-03 2.81793E-02 
1400 1100 3.16464E-03 2.81776E-02 
1400 1150 3.15819E-03 2.81718E-02 
1400 1200 3.15457E-03 2.82130E-02 
1400 1250 3.15704E-03 2.81654E-02 
1400 1300 3.14969E-03 2.81858E-02 
1400 1350 3.16930E-03 2.81533E-02 
1400 1400 3.16043E-03 2.81851E-02 
1400 1450 3.16638E-03 2.81738E-02 
1400 1500 3.16021E-03 2.81400E-02 
1400 1550 3.16227E-03 2.81612E-02 
1400 1600 3.16231E-03 2.81520E-02 
1400 1650 3.16673E-03 2.81717E-02 
1400 1700 3.16222E-03 2.81756E-02 
1400 1750 3.16471E-03 2.81835E-02 
1400 1800 3.16547E-03 2.81398E-02 
1400 1850 3.16023E-03 2.81569E-02 
1400 1900 3.15745E-03 2.81548E-02 
1400 1950 3.16059E-03 2.81734E-02 
1400 2000 3.16217E-03 2.81435E-02 
1400 2050 3.15782E-03 2.81670E-02 
1450 800 3.15655E-03 2.80462E-02 
1450 850 3.14031E-03 2.81350E-02 
1450 900 3.15584E-03 2.80836E-02 
1450 950 3.15799E-03 2.80337E-02 
1450 1000 3.15059E-03 2.81294E-02 
1450 1050 3.14905E-03 2.81246E-02 
1450 1100 3.15337E-03 2.81127E-02 
1450 1150 3.15761E-03 2.80468E-02 
1450 1200 3.15830E-03 2.80594E-02 
1450 1250 3.15134E-03 2.80759E-02 
1450 1300 3.15396E-03 2.80537E-02 
1450 1350 3.15434E-03 2.81171E-02 
1450 1400 3.14878E-03 2.80849E-02 
1450 1450 3.15839E-03 2.80927E-02 
1450 1500 3.15092E-03 2.80902E-02 
1450 1550 3.15640E-03 2.80846E-02 
1450 1600 3.15635E-03 2.80767E-02 
1450 1650 3.16007E-03 2.80962E-02 
1450 1700 3.15072E-03 2.81040E-02 
1450 1750 3.15440E-03 2.81039E-02 
1450 1800 3.15333E-03 2.80995E-02 
1450 1850 3.15287E-03 2.80636E-02 
1450 1900 3.16070E-03 2.81344E-02 
1450 1950 3.16376E-03 2.80996E-02 
1450 2000 3.16202E-03 2.81213E-02 
1450 2050 3.16292E-03 2.81116E-02 
1500 800 3.14766E-03 2.80363E-02 
1500 850 3.15777E-03 2.79828E-02 
1500 900 3.14799E-03 2.79873E-02 
1500 950 3.16104E-03 2.79972E-02 
1500 1000 3.14611E-03 2.80038E-02 
1500 1050 3.14682E-03 2.80383E-02 
1500 1100 3.15852E-03 2.79759E-02 
1500 1150 3.14782E-03 2.80274E-02 
1500 1200 3.14456E-03 2.80303E-02 
1500 1250 3.15045E-03 2.79992E-02 
1500 1300 3.15900E-03 2.80333E-02 
1500 1350 3.14172E-03 2.79972E-02 
1500 1400 3.14259E-03 2.80321E-02 
1500 1450 3.14849E-03 2.79876E-02 
1500 1500 3.15333E-03 2.80220E-02 
1500 1550 3.14886E-03 2.80289E-02 
1500 1600 3.14563E-03 2.79614E-02 
1500 1650 3.15554E-03 2.80568E-02 
1500 1700 3.15351E-03 2.80232E-02 
1500 1750 3.15383E-03 2.80360E-02 
1500 1800 3.14204E-03 2.80308E-02 
1500 1850 3.14536E-03 2.79866E-02 
1500 1900 3.14259E-03 2.79925E-02 
1500 1950 3.15066E-03 2.80193E-02 
1500 2000 3.15416E-03 2.80387E-02 
1500 2050 3.15419E-03 2.80650E-02 
1550 800 3.13939E-03 2.79702E-02 
1550 850 3.13811E-03 2.79175E-02 
1550 900 3.13931E-03 2.79608E-02 
1550 950 3.14785E-03 2.80109E-02 
1550 1000 3.14622E-03 2.79539E-02 
1550 1050 3.15080E-03 2.79731E-02 
1550 1100 3.13752E-03 2.79598E-02 
1550 1150 3.13446E-03 2.79797E-02 
1550 1200 3.13814E-03 2.79669E-02 
1550 1250 3.14794E-03 2.79788E-02 
1550 1300 3.14965E-03 2.79448E-02 
1550 1350 3.14512E-03 2.79452E-02 
1550 1400 3.14282E-03 2.79461E-02 
1550 1450 3.14080E-03 2.79529E-02 
1550 1500 3.13582E-03 2.80053E-02 
1550 1550 3.13920E-03 2.79569E-02 
1550 1600 3.14243E-03 2.79546E-02 
1550 1650 3.14616E-03 2.79455E-02 
1550 1700 3.14687E-03 2.79380E-02 
1550 1750 3.13910E-03 2.79466E-02 
1550 1800 3.14571E-03 2.79523E-02 
1550 1850 3.13709E-03 2.79625E-02 
1550 1900 3.13880E-03 2.79719E-02 
1550 1950 3.15146E-03 2.79869E-02 
1550 2000 3.15298E-03 2.79478E-02 
1550 2050 3.14138E-03 2.79512E-02 
1600 800 3.13413E-03 2.78783E-02 
1600 850 3.13960E-03 2.78891E-02 
1600 900 3.13292E-03 2.79012E-02 
1600 950 3.14548E-03 2.79031E-02 
1600 1000 3.14328E-03 2.79062E-02 
1600 1050 3.14686E-03 2.78736E-02 
1600 1100 3.14202E-03 2.78861E-02 
1600 1150 3.13670E-03 2.79148E-02 
1600 1200 3.13349E-03 2.78886E-02 
1600 1250 3.14307E-03 2.78884E-02 
1600 1300 3.14018E-03 2.78776E-02 
1600 1350 3.14278E-03 2.78678E-02 
1600 1400 3.13701E-03 2.78581E-02 
1600 1450 3.13927E-03 2.79021E-02 
1600 1500 3.14115E-03 2.79196E-02 
1600 1550 3.13847E-03 2.78956E-02 
1600 1600 3.14190E-03 2.79120E-02 
1600 1650 3.14275E-03 2.79066E-02 
1600 1700 3.13526E-03 2.79085E-02 
1600 1750 3.14167E-03 2.78963E-02 
1600 1800 3.13609E-03 2.79133E-02 
1600 1850 3.13992E-03 2.78565E-02 
1600 1900 3.14423E-03 2.78982E-02 
1600 1950 3.14774E-03 2.78826E-02 
1600 2000 3.13850E-03 2.78892E-02 
1600 2050 3.13889E-03 2.79015E-02 
1650 800 3.12876E-03 2.78295E-02 
1650 850 3.12902E-03 2.78252E-02 
1650 900 3.13960E-03 2.78500E-02 
1650 950 3.13864E-03 2.78484E-02 
1650 1000 3.13365E-03 2.78475E-02 
1650 1050 3.13173E-03 2.78588E-02 
1650 1100 3.13387E-03 2.78541E-02 
1650 1150 3.13172E-03 2.78443E-02 
1650 1200 3.13048E-03 2.78368E-02 
1650 1250 3.13168E-03 2.77832E-02 
1650 1300 3.13214E-03 2.78006E-02 
1650 1350 3.13281E-03 2.78159E-02 
1650 1400 3.13732E-03 2.77907E-02 
1650 1450 3.13068E-03 2.78242E-02 
1650 1500 3.13225E-03 2.78395E-02 
1650 1550 3.13043E-03 2.78588E-02 
1650 1600 3.13344E-03 2.77872E-02 
1650 1650 3.13974E-03 2.78343E-02 
1650 1700 3.13190E-03 2.78090E-02 
1650 1750 3.12744E-03 2.78424E-02 
1650 1800 3.13710E-03 2.78175E-02 
1650 1850 3.12628E-03 2.78603E-02 
1650 1900 3.14320E-03 2.78382E-02 
1650 1950 3.12641E-03 2.78294E-02 
1650 2000 3.13919E-03 2.78315E-02 
1650 2050 3.13330E-03 2.78285E-02 
1700 800 3.12021E-03 2.78050E-02 
1700 850 3.12633E-03 2.77935E-02 
1700 900 3.12672E-03 2.77792E-02 
1700 950 3.13437E-03 2.78140E-02 
1700 1000 3.13042E-03 2.77797E-02 
1700 1050 3.13019E-03 2.77465E-02 
1700 1100 3.13812E-03 2.77309E-02 
1700 1150 3.12695E-03 2.77574E-02 
1700 1200 3.12331E-03 2.77536E-02 
1700 1250 3.13617E-03 2.77807E-02 
1700 1300 3.12126E-03 2.77619E-02 
1700 1350 3.13873E-03 2.77760E-02 
1700 1400 3.12509E-03 2.77544E-02 
1700 1450 3.13685E-03 2.77685E-02 
1700 1500 3.13274E-03 2.77632E-02 
1700 1550 3.13130E-03 2.77720E-02 
1700 1600 3.12517E-03 2.77555E-02 
1700 1650 3.12936E-03 2.77947E-02 
1700 1700 3.13701E-03 2.77481E-02 
1700 1750 3.12714E-03 2.77725E-02 
1700 1800 3.12393E-03 2.77434E-02 
1700 1850 3.12502E-03 2.77430E-02 
1700 1900 3.12890E-03 2.77995E-02 
1700 1950 3.13264E-03 2.77862E-02 
1700 2000 3.13168E-03 2.77934E-02 
1700 2050 3.12574E-03 2.77647E-02 
1750 800 3.12848E-03 2.77317E-02 
1750 850 3.13095E-03 2.77269E-02 
1750 900 3.12522E-03 2.76905E-02 
1750 950 3.12102E-03 2.76376E-02 
1750 1000 3.12919E-03 2.77149E-02 
1750 1050 3.12121E-03 2.77256E-02 
1750 1100 3.12731E-03 2.77017E-02 
1750 1150 3.12966E-03 2.76935E-02 
1750 1200 3.12161E-03 2.77325E-02 
1750 1250 3.12213E-03 2.77279E-02 
1750 1300 3.12882E-03 2.77020E-02 
1750 1350 3.12529E-03 2.77288E-02 
1750 1400 3.12360E-03 2.77077E-02 
1750 1450 3.11707E-03 2.77035E-02 
1750 1500 3.12481E-03 2.76859E-02 
1750 1550 3.12197E-03 2.77149E-02 
1750 1600 3.11748E-03 2.77261E-02 
1750 1650 3.12773E-03 2.77166E-02 
1750 1700 3.12747E-03 2.76926E-02 
1750 1750 3.12215E-03 2.76980E-02 
1750 1800 3.12777E-03 2.76742E-02 
1750 1850 3.12219E-03 2.77321E-02 
1750 1900 3.12894E-03 2.77321E-02 
1750 1950 3.12107E-03 2.77176E-02 
1750 2000 3.11570E-03 2.77085E-02 
1750 2050 3.12489E-03 2.77052E-02 
1800 800 3.12064E-03 2.76253E-02 
1800 850 3.11880E-03 2.76388E-02 
1800 900 3.12962E-03 2.76502E-02 
1800 950 3.11887E-03 2.76616E-02 
1800 1000 3.11907E-03 2.76286E-02 
1800 1050 3.11855E-03 2.76120E-02 
1800 1100 3.11639E-03 2.76488E-02 
1800 1150 3.12327E-03 2.76499E-02 
1800 1200 3.12125E-03 2.76524E-02 
1800 1250 3.12344E-03 2.76502E-02 
1800 1300 3.11879E-03 2.76407E-02 
1800 1350 3.12148E-03 2.76592E-02 
1800 1400 3.11655E-03 2.76300E-02 
1800 1450 3.12177E-03 2.76830E-02 
1800 1500 3.12581E-03 2.76578E-02 
1800 1550 3.12003E-03 2.76445E-02 
1800 1600 3.12041E-03 2.76245E-02 
1800 1650 3.12125E-03 2.76371E-02 
1800 1700 3.11424E-03 2.76429E-02 
1800 1750 3.12270E-03 2.76603E-02 
1800 1800 3.11596E-03 2.76774E-02 
1800 1850 3.11453E-03 2.76040E-02 
1800 1900 3.11751E-03 2.76530E-02 
1800 1950 3.12209E-03 2.76215E-02 
1800 2000 3.12684E-03 2.76339E-02 
1800 2050 3.11645E-03 2.76271E-02 
1850 800 3.11308E-03 2.75992E-02 
1850 850 3.11501E-03 2.75942E-02 
1850 900 3.11862E-03 2.75807E-02 
1850 950 3.10996E-03 2.75915E-02 
1850 1000 3.11922E-03 2.75585E-02 
1850 1050 3.10617E-03 2.75792E-02 
1850 1100 3.11677E-03 2.76079E-02 
1850 1150 3.11880E-03 2.76142E-02 
1850 1200 3.12147E-03 2.76040E-02 
1850 1250 3.11958E-03 2.75812E-02 
1850 1300 3.11938E-03 2.75701E-02 
1850 1350 3.12115E-03 2.76315E-02 
1850 1400 3.11947E-03 2.75822E-02 
1850 1450 3.11987E-03 2.75863E-02 
1850 1500 3.11292E-03 2.75810E-02 
1850 1550 3.11715E-03 2.76321E-02 
1850 1600 3.10758E-03 2.75776E-02 
1850 1650 3.11744E-03 2.76243E-02 
1850 1700 3.11203E-03 2.75659E-02 
1850 1750 3.11516E-03 2.75263E-02 
1850 1800 3.11009E-03 2.76406E-02 
1850 1850 3.11888E-03 2.75948E-02 
1850 1900 3.12044E-03 2.75990E-02 
1850 1950 3.11925E-03 2.75738E-02 
1850 2000 3.11790E-03 2.75756E-02 
1850 2050 3.11524E-03 2.76109E-02 
1900 800 3.10951E-03 2.75298E-02 
1900 850 3.10966E-03 2.75266E-02 
1900 900 3.10880E-03 2.75291E-02 
1900 950 3.10818E-03 2.75426E-02 
1900 1000 3.10995E-03 2.75694E-02 
1900 1050 3.11288E-03 2.75371E-02 
1900 1100 3.10129E-03 2.75365E-02 
1900 1150 3.11016E-03 2.74970E-02 
1900 1200 3.11578E-03 2.74976E-02 
1900 1250 3.10239E-03 2.75250E-02 
1900 1300 3.11669E-03 2.74906E-02 
1900 1350 3.11745E-03 2.75322E-02 
1900 1400 3.11171E-03 2.75253E-02 
1900 1450 3.11128E-03 2.75511E-02 
1900 1500 3.10523E-03 2.75271E-02 
1900 1550 3.11348E-03 2.75188E-02 
1900 1600 3.11181E-03 2.75336E-02 
1900 1650 3.10903E-03 2.75549E-02 
1900 1700 3.10791E-03 2.75370E-02 
1900 1750 3.11004E-03 2.75279E-02 
1900 1800 3.10601E-03 2.75124E-02 
1900 1850 3.11164E-03 2.75060E-02 
1900 1900 3.11283E-03 2.74976E-02 
1900 1950 3.11300E-03 2.75413E-02 
1900 2000 3.11610E-03 2.75530E-02 
1900 2050 3.11757E-03 2.75044E-02 
1950 800 3.10828E-03 2.74777E-02 
1950 850 3.09599E-03 2.75318E-02 
1950 900 3.11831E-03 2.74368E-02 
1950 950 3.10279E-03 2.74749E-02 
1950 1000 3.11100E-03 2.74704E-02 
1950 1050 3.10405E-03 2.74432E-02 
1950 1100 3.10524E-03 2.74641E-02 
1950 1150 3.10856E-03 2.74597E-02 
1950 1200 3.10609E-03 2.74358E-02 
1950 1250 3.11049E-03 2.74677E-02 
1950 1300 3.10356E-03 2.74540E-02 
1950 1350 3.10799E-03 2.74724E-02 
1950 1400 3.10557E-03 2.74564E-02 
1950 1450 3.11334E-03 2.74579E-02 
1950 1500 3.11155E-03 2.74668E-02 
1950 1550 3.11298E-03 2.74863E-02 
1950 1600 3.10991E-03 2.74957E-02 
1950 1650 3.10931E-03 2.74521E-02 
1950 1700 3.10975E-03 2.74601E-02 
1950 1750 3.10942E-03 2.75166E-02 
1950 1800 3.10516E-03 2.74618E-02 
1950 1850 3.10645E-03 2.74592E-02 
1950 1900 3.10239E-03 2.74870E-02 
1950 1950 3.11175E-03 2.74655E-02 
1950 2000 3.10869E-03 2.74772E-02 
1950 2050 3.10630E-03 2.74453E-02 
2000 800 3.09884E-03 2.74248E-02 
2000 850 3.10483E-03 2.74363E-02 
2000 900 3.10341E-03 2.74097E-02 
2000 950 3.09700E-03 2.74206E-02 
2000 1000 3.10991E-03 2.74228E-02 
2000 1050 3.09824E-03 2.74379E-02 
2000 1100 3.10527E-03 2.74410E-02 
2000 1150 3.10014E-03 2.74391E-02 
2000 1200 3.10268E-03 2.74334E-02 
2000 1250 3.10260E-03 2.74351E-02 
2000 1300 3.10435E-03 2.73827E-02 
2000 1350 3.10325E-03 2.74332E-02 
2000 1400 3.10313E-03 2.74353E-02 
2000 1450 3.09874E-03 2.74098E-02 
2000 1500 3.10276E-03 2.74382E-02 
2000 1550 3.10358E-03 2.74174E-02 
2000 1600 3.10149E-03 2.74152E-02 
2000 1650 3.10329E-03 2.74148E-02 
2000 1700 3.10015E-03 2.73933E-02 
2000 1750 3.09938E-03 2.74097E-02 
2000 1800 3.10873E-03 2.74180E-02 
2000 1850 3.10177E-03 2.73913E-02 
2000 1900 3.10027E-03 2.74408E-02 
2000 1950 3.10169E-03 2.74380E-02 
2000 2000 3.10443E-03 2.74183E-02 
2000 2050 3.09883E-03 2.74238E-02 
2050 800 3.08888E-03 2.73603E-02 
2050 850 3.09478E-03 2.73345E-02 
2050 900 3.09746E-03 2.73691E-02 
2050 950 3.09545E-03 2.73532E-02 
2050 1000 3.11231E-03 2.73718E-02 
2050 1050 3.09056E-03 2.73688E-02 
2050 1100 3.09644E-03 2.73193E-02 
2050 1150 3.09522E-03 2.73588E-02 
2050 1200 3.09639E-03 2.73581E-02 
2050 1250 3.09674E-03 2.73965E-02 
2050 1300 3.09686E-03 2.73543E-02 
2050 1350 3.10354E-03 2.73796E-02 
2050 1400 3.09946E-03 2.73512E-02 
2050 1450 3.09688E-03 2.73365E-02 
2050 1500 3.10299E-03 2.73783E-02 
2050 1550 3.10644E-03 2.73190E-02 
2050 1600 3.10481E-03 2.74017E-02 
2050 1650 3.09855E-03 2.73256E-02 
2050 1700 3.09724E-03 2.73568E-02 
2050 1750 3.10107E-03 2.73788E-02 
2050 1800 3.09832E-03 2.73098E-02 
2050 1850 3.09969E-03 2.72976E-02 
2050 1900 3.10094E-03 2.73271E-02 
2050 1950 3.10583E-03 2.73753E-02 
2050 2000 3.09741E-03 2.74007E-02 
2050 2050 3.09698E-03 2.73593E-02 
