800 2.02271E+02 2.02270E+02 
850 2.02271E+02 2.02270E+02 
900 2.02271E+02 2.02270E+02 
950 2.02271E+02 2.02270E+02 
1000 2.02271E+02 2.02270E+02 
1050 2.02271E+02 2.02270E+02 
1100 2.02271E+02 2.02270E+02 
1150 2.02271E+02 2.02270E+02 
1200 2.02271E+02 2.02270E+02 
1250 2.02271E+02 2.02270E+02 
1300 2.02271E+02 2.02270E+02 
1350 2.02271E+02 2.02270E+02 
1400 2.02271E+02 2.02270E+02 
1450 2.02271E+02 2.02270E+02 
1500 2.02271E+02 2.02270E+02 
1550 2.02271E+02 2.02270E+02 
1600 2.02271E+02 2.02270E+02 
1650 2.02271E+02 2.02270E+02 
1700 2.02271E+02 2.02270E+02 
1750 2.02271E+02 2.02270E+02 
1800 2.02271E+02 2.02270E+02 
1850 2.02271E+02 2.02270E+02 
1900 2.02271E+02 2.02270E+02 
1950 2.02271E+02 2.02270E+02 
2000 2.02271E+02 2.02270E+02 
