800 1.77375E-04 3.95281E-04 4.39326E-04 5.89981E-04 8.64266E-04 1.32010E-04 2.36246E-04 5.48485E-05 
850 2.20928E-04 4.11029E-04 3.71974E-04 6.35042E-04 8.92866E-04 7.91419E-05 1.93838E-04 3.24946E-05 
900 1.82042E-04 5.02402E-04 4.36313E-04 6.28603E-04 9.14508E-04 2.13346E-04 1.43131E-04 1.44939E-05 
950 2.41928E-04 4.57559E-04 4.26077E-04 7.76348E-04 8.20890E-04 1.14739E-04 1.63811E-04 2.12682E-05 
1000 2.42333E-04 5.56142E-04 4.23023E-04 7.03344E-04 1.00735E-03 1.83187E-04 2.24523E-04 9.31647E-05 
1050 2.07268E-04 4.65009E-04 4.91822E-04 5.49553E-04 1.03536E-03 8.18840E-05 1.88890E-04 4.73647E-05 
1100 2.44040E-04 4.80621E-04 4.67296E-04 6.66548E-04 7.99480E-04 1.52033E-04 2.53134E-04 6.73011E-05 
1150 1.91072E-04 4.07849E-04 4.79393E-04 6.96808E-04 9.46465E-04 1.10226E-04 1.80452E-04 6.90596E-05 
1200 2.10623E-04 6.04552E-04 3.96321E-04 5.43036E-04 9.14979E-04 1.34362E-04 2.37285E-04 2.71410E-05 
1250 2.68515E-04 4.50749E-04 3.55967E-04 6.08359E-04 1.03420E-03 1.43586E-04 1.42078E-04 2.43694E-05 
1300 2.40426E-04 4.81541E-04 3.27819E-04 6.31037E-04 9.98485E-04 1.36031E-04 1.49751E-04 2.63473E-05 
1350 3.05573E-04 4.91672E-04 4.34452E-04 6.04885E-04 8.78395E-04 1.17394E-04 1.97262E-04 3.88164E-05 
1400 4.43770E-04 4.07266E-04 5.75932E-04 5.88070E-04 1.04339E-03 1.51784E-04 1.72148E-04 1.99956E-05 
1450 3.24446E-04 3.18709E-04 4.00461E-04 5.23169E-04 9.64935E-04 1.97733E-04 2.69075E-04 3.03969E-05 
1500 2.95169E-04 6.09048E-04 5.30492E-04 6.15695E-04 9.78879E-04 1.44214E-04 2.25905E-04 7.49803E-05 
1550 2.00927E-04 5.45741E-04 3.86257E-04 6.92234E-04 1.04174E-03 1.47086E-04 1.46584E-04 4.30131E-05 
1600 2.98943E-04 4.73657E-04 4.23814E-04 6.48271E-04 1.08149E-03 1.69929E-04 2.36303E-04 4.56288E-05 
1650 2.58180E-04 5.05810E-04 3.50301E-04 5.94084E-04 1.11435E-03 1.27872E-04 2.36405E-04 3.95724E-05 
1700 2.43792E-04 5.41876E-04 4.29444E-04 7.05277E-04 9.66953E-04 9.35290E-05 2.11707E-04 8.29164E-05 
1750 2.21641E-04 4.26078E-04 4.42745E-04 6.20784E-04 9.15170E-04 1.45978E-04 2.72061E-04 4.68126E-05 
1800 2.44842E-04 4.29995E-04 3.35715E-04 6.12140E-04 1.05599E-03 1.64732E-04 1.42539E-04 2.91933E-05 
1850 2.11995E-04 5.05621E-04 3.53762E-04 6.02902E-04 8.74349E-04 1.09056E-04 1.77206E-04 7.21679E-05 
1900 3.03839E-04 4.94901E-04 5.02865E-04 7.48529E-04 8.84216E-04 1.26862E-04 1.60748E-04 1.64268E-05 
1950 2.38431E-04 5.34294E-04 4.50681E-04 5.88134E-04 9.66402E-04 9.66873E-05 2.07320E-04 2.20336E-05 
2000 2.15576E-04 3.82243E-04 4.67931E-04 5.50366E-04 1.06652E-03 1.45025E-04 1.85735E-04 2.35609E-05 
