800 5.29489E+01 4.54136E+00 
850 5.28222E+01 4.54220E+00 
900 5.31243E+01 4.52427E+00 
950 5.28885E+01 4.45900E+00 
1000 5.27674E+01 4.49961E+00 
1050 5.27434E+01 4.47518E+00 
1100 5.25878E+01 4.48061E+00 
1150 5.27588E+01 4.46123E+00 
1200 5.26673E+01 4.44590E+00 
1250 5.26187E+01 4.41537E+00 
1300 5.24819E+01 4.39588E+00 
1350 5.25058E+01 4.39892E+00 
1400 5.25841E+01 4.39089E+00 
1450 5.25235E+01 4.35673E+00 
1500 5.24855E+01 4.38218E+00 
1550 5.24368E+01 4.35885E+00 
1600 5.24154E+01 4.36865E+00 
1650 5.23297E+01 4.36242E+00 
1700 5.24517E+01 4.34666E+00 
1750 5.22914E+01 4.33207E+00 
1800 5.22183E+01 4.32721E+00 
1850 5.23575E+01 4.31081E+00 
1900 5.22514E+01 4.31577E+00 
1950 5.22927E+01 4.31982E+00 
2000 5.21696E+01 4.28960E+00 
