800 2.71313E-01 1.09279E-03 2.01018E-03 2.56723E-01 
850 2.68034E-01 1.16129E-03 2.00107E-03 2.53909E-01 
900 2.64754E-01 1.25713E-03 1.98518E-03 2.51067E-01 
950 2.61539E-01 1.33975E-03 1.95553E-03 2.48249E-01 
1000 2.58376E-01 1.40455E-03 1.96502E-03 2.45401E-01 
1050 2.55117E-01 1.49432E-03 1.95289E-03 2.42536E-01 
1100 2.51900E-01 1.58193E-03 1.93897E-03 2.39627E-01 
1150 2.48668E-01 1.64175E-03 1.92243E-03 2.36757E-01 
1200 2.45432E-01 1.73077E-03 1.91164E-03 2.33826E-01 
1250 2.42194E-01 1.80250E-03 1.89195E-03 2.30942E-01 
1300 2.38934E-01 1.90072E-03 1.88848E-03 2.28018E-01 
1350 2.35738E-01 1.98117E-03 1.86415E-03 2.25079E-01 
1400 2.32536E-01 2.06107E-03 1.86174E-03 2.22114E-01 
1450 2.29270E-01 2.13386E-03 1.83856E-03 2.19194E-01 
1500 2.26011E-01 2.22720E-03 1.83364E-03 2.16201E-01 
1550 2.22848E-01 2.30437E-03 1.81709E-03 2.13249E-01 
