0.00507842051282 114.550673846
0.00304657025641 8.03941046154
1.73670222222e-07 0.00159869262564
-1.11254153846e-07 0.00226223947692
-5.21772307692e-47 1.30879178462e-42
-3.02339282051e-45 1.66634347692e-41
0.0 0.0
0.0 0.0
0.0 0.0
0.0 0.0
0.0 0.0
0.0 0.0
4.38478769231e-05 0.303425929231
8.16849982906e-06 0.0138139377436
8.36516923077e-13 6.43588864615e-08
-2.57579487179e-11 2.00021276923e-06
0.0 0.0
0.0 0.0
-1.73916581197e-06 0.389447888205
-1.09414632479e-07 0.00211820162051
1.73462153846e-07 0.00158486335385
-1.1705982906e-07 0.442989887179
-4.46981196581e-09 0.000247961020513
7.26551111111e-09 0.000447770069744
-1.11196581197e-09 0.000450662128205
1.21742495726e-08 0.000618438155897
5.05762735043e-08 0.000894099425641
3.33502222222e-09 0.000134922708718
-1.18815179487e-08 0.000215890701538
-5.24518905983e-09 4.85951905641e-05
-2.77057500682e-21 0.0124667
-1.10823000273e-20 0.0282917
-1.84705000455e-20 0.0425244
-7.38820001819e-20 0.133042
-1.18211200291e-19 0.292467
-1.77316800437e-19 0.666488
-9.45689602328e-19 1.63478
-1.41853440349e-18 3.5546
