0.00233162119658 50.7429705641
0.00130208902564 3.27522313846
-1.11961018803e-06 0.0115934595179
-7.21643623932e-06 0.0530264139487
-6.19512547009e-07 0.00378903037949
-6.2404157265e-06 0.0345415462564
-4.58119658237e-09 2.48949152821
-9.45689602328e-19 2.48771
-1.54226249573e-06 0.00943271828718
-1.5524368547e-05 0.0859293597949
-8.95726495815e-07 199.243084103
-7.56551681863e-17 199.273
-2.76842393162e-05 1.5568069641
-0.000117871316239 2.42348354872
1.16079863248e-12 6.09776234872e-08
-3.90054700855e-11 1.98175394872e-06
-4.72844801164e-19 1.0
0.0 0.0
-5.96799042735e-05 0.359156402051
2.29502352137e-06 0.000484232635897
-4.6210017094e-08 0.000879717697436
-5.44319179487e-05 0.327929483077
-4.46981196581e-09 0.000247961020513
7.26551111111e-09 0.000447770069744
-1.11196581197e-09 0.000450662128205
1.21742495726e-08 0.000618438155897
5.05762735043e-08 0.000894099425641
3.33502222222e-09 0.000134922708718
-1.18815179487e-08 0.000215890701538
-5.24518905983e-09 4.85951905641e-05
-2.77057500682e-21 0.0124667
-1.10823000273e-20 0.0282917
-1.84705000455e-20 0.0425244
-7.38820001819e-20 0.133042
-1.18211200291e-19 0.292467
-1.77316800437e-19 0.666488
-9.45689602328e-19 1.63478
-1.41853440349e-18 3.5546
