633.0 0.000227497 0.00114965 0.0011125 0.00317798 0.000923093 0.000330953
700.0 0.000216477 0.00114735 0.00110693 0.00320037 0.000940352 0.000323289
800.0 0.000224807 0.00114312 0.00111606 0.00319846 0.000920627 0.000327896
900.0 0.000223825 0.00118052 0.00112686 0.00317135 0.000930866 0.000322237
1000.0 0.000226101 0.00115973 0.00113783 0.00317376 0.000907907 0.000329193
1100.0 0.00022065 0.00114952 0.00112244 0.00319385 0.000933032 0.000338432
1200.0 0.000224179 0.00117117 0.00112327 0.00317695 0.000925758 0.000339297
1300.0 0.000224489 0.00117241 0.00113626 0.00321001 0.000948451 0.000332757
1400.0 0.000222461 0.00117696 0.00114159 0.00317774 0.000926695 0.000323824
1500.0 0.0002206 0.00116131 0.00110949 0.0032172 0.000940869 0.000327777
1600.0 0.0002241 0.00116578 0.00114382 0.00319274 0.000938633 0.000332953
