633.0 0.0124906 0.0318221 0.109387 0.317045 1.35387 8.64035
700.0 0.0124906 0.0318221 0.109386 0.317053 1.35382 8.63939
800.0 0.0124906 0.0318225 0.109386 0.317042 1.35386 8.63914
900.0 0.0124906 0.0318216 0.109392 0.317052 1.35386 8.63953
1000.0 0.0124906 0.0318219 0.109385 0.317043 1.3538 8.64189
1100.0 0.0124906 0.0318211 0.109383 0.317038 1.35386 8.64027
1200.0 0.0124906 0.0318208 0.109385 0.317043 1.35381 8.63926
1300.0 0.0124906 0.0318218 0.109388 0.317041 1.35385 8.64211
1400.0 0.0124906 0.0318224 0.109385 0.317034 1.35385 8.64146
1500.0 0.0124906 0.0318223 0.109385 0.317038 1.35385 8.6396
1600.0 0.0124906 0.0318207 0.109387 0.317032 1.35385 8.64043
