633.0 0.396495 0.00356768 0.000814402 0.451784
700.0 0.395996 0.00361687 0.000967201 0.451474
800.0 0.395235 0.00370203 0.00121894 0.451011
900.0 0.394485 0.00380303 0.00150692 0.450545
1000.0 0.3937 0.00393491 0.00187624 0.449861
1100.0 0.392907 0.00409216 0.00230223 0.449162
1200.0 0.392061 0.00430069 0.00285332 0.448231
1300.0 0.391218 0.00452619 0.00345084 0.447355
1400.0 0.390335 0.00480804 0.00418645 0.446275
1500.0 0.389416 0.00515752 0.00508329 0.44497
1600.0 0.388449 0.00557603 0.00615559 0.443446
1700.0 0.387505 0.00598169 0.00720565 0.442034
1800.0 0.386505 0.00643658 0.00839143 0.440454
1900.0 0.385499 0.00695299 0.00973166 0.438685
